{
    "Accuracy": [
        0.5181518151815182,
        0.5181518151815182,
        0.5181518151815182,
        0.5181518151815182,
        0.5181518151815182,
        0.5181518151815182,
        0.5181518151815182,
        0.5181518151815182,
        0.5181518151815182,
        0.5181518151815182,
        0.5181518151815182,
        0.5181518151815182,
        0.5181518151815182,
        0.5181518151815182,
        0.5181518151815182,
        0.5181518151815182,
        0.5181518151815182,
        0.5181518151815182,
        0.5181518151815182,
        0.5181518151815182,
        0.528052805280528,
        0.528052805280528,
        0.528052805280528,
        0.528052805280528,
        0.528052805280528,
        0.528052805280528,
        0.528052805280528,
        0.528052805280528,
        0.528052805280528,
        0.528052805280528,
        0.528052805280528,
        0.528052805280528,
        0.528052805280528,
        0.528052805280528,
        0.528052805280528,
        0.528052805280528,
        0.528052805280528,
        0.528052805280528,
        0.528052805280528,
        0.528052805280528,
        0.528052805280528,
        0.528052805280528,
        0.528052805280528,
        0.528052805280528,
        0.528052805280528,
        0.528052805280528,
        0.528052805280528,
        0.528052805280528,
        0.528052805280528,
        0.528052805280528,
        0.528052805280528,
        0.528052805280528,
        0.528052805280528,
        0.528052805280528,
        0.528052805280528,
        0.528052805280528,
        0.528052805280528,
        0.528052805280528,
        0.528052805280528,
        0.528052805280528,
        0.528052805280528,
        0.528052805280528,
        0.528052805280528,
        0.528052805280528,
        0.528052805280528,
        0.5247524752475248,
        0.5247524752475248,
        0.5247524752475248,
        0.5247524752475248,
        0.5247524752475248,
        0.5247524752475248,
        0.5247524752475248,
        0.5247524752475248,
        0.5247524752475248,
        0.5247524752475248,
        0.5247524752475248,
        0.5247524752475248,
        0.5247524752475248,
        0.5247524752475248,
        0.5247524752475248,
        0.5247524752475248,
        0.5247524752475248,
        0.5247524752475248,
        0.5247524752475248,
        0.5247524752475248,
        0.5247524752475248,
        0.5247524752475248,
        0.5247524752475248,
        0.5247524752475248,
        0.5247524752475248,
        0.528052805280528,
        0.528052805280528,
        0.528052805280528,
        0.528052805280528,
        0.528052805280528,
        0.528052805280528,
        0.528052805280528,
        0.528052805280528,
        0.528052805280528,
        0.528052805280528
    ],
    "Normalized_Mutual_Info": [
        0.03537463408101834,
        0.03537463408101834,
        0.03537463408101834,
        0.03537463408101834,
        0.03537463408101834,
        0.03537463408101834,
        0.03537463408101834,
        0.03537463408101834,
        0.03537463408101834,
        0.03537463408101834,
        0.03537463408101834,
        0.03537463408101834,
        0.03537463408101834,
        0.03537463408101834,
        0.03537463408101834,
        0.03537463408101834,
        0.03537463408101834,
        0.03537463408101834,
        0.03537463408101834,
        0.03537463408101834,
        0.029195708867642185,
        0.029195708867642185,
        0.029195708867642185,
        0.029195708867642185,
        0.029195708867642185,
        0.029195708867642185,
        0.029195708867642185,
        0.029195708867642185,
        0.029195708867642185,
        0.029195708867642185,
        0.029195708867642185,
        0.029195708867642185,
        0.029195708867642185,
        0.029195708867642185,
        0.029195708867642185,
        0.029195708867642185,
        0.029195708867642185,
        0.029195708867642185,
        0.029195708867642185,
        0.029195708867642185,
        0.029195708867642185,
        0.029195708867642185,
        0.029195708867642185,
        0.029195708867642185,
        0.029195708867642185,
        0.029195708867642185,
        0.029195708867642185,
        0.029195708867642185,
        0.029195708867642185,
        0.029195708867642185,
        0.029195708867642185,
        0.029195708867642185,
        0.029195708867642185,
        0.029195708867642185,
        0.029195708867642185,
        0.029195708867642185,
        0.029195708867642185,
        0.029195708867642185,
        0.029195708867642185,
        0.029195708867642185,
        0.029195708867642185,
        0.029195708867642185,
        0.029195708867642185,
        0.029195708867642185,
        0.029195708867642185,
        0.03118582334723907,
        0.03118582334723907,
        0.03118582334723907,
        0.03118582334723907,
        0.03118582334723907,
        0.03118582334723907,
        0.03118582334723907,
        0.03118582334723907,
        0.03118582334723907,
        0.03118582334723907,
        0.03118582334723907,
        0.03118582334723907,
        0.03118582334723907,
        0.03118582334723907,
        0.03118582334723907,
        0.03118582334723907,
        0.03118582334723907,
        0.03118582334723907,
        0.03118582334723907,
        0.03118582334723907,
        0.03118582334723907,
        0.03118582334723907,
        0.03118582334723907,
        0.03118582334723907,
        0.03118582334723907,
        0.029195708867642185,
        0.029195708867642185,
        0.029195708867642185,
        0.029195708867642185,
        0.029195708867642185,
        0.029195708867642185,
        0.029195708867642185,
        0.029195708867642185,
        0.029195708867642185,
        0.029195708867642185
    ],
    "Weights": [
        [
            0.2565266129468915,
            0.11874861117923921,
            0.6247247758738693,
            0.0
        ],
        [
            0.25434167839302035,
            0.12140341380852956,
            0.6242549077984502,
            0.0
        ],
        [
            0.25213443980231753,
            0.12408531655693808,
            0.6237802436407444,
            0.0
        ],
        [
            0.2499045072189811,
            0.12679479322701676,
            0.623300699554002,
            0.0
        ],
        [
            0.2476514803577349,
            0.12953233017166071,
            0.6228161894706044,
            0.0
        ],
        [
            0.24537494823265432,
            0.13229842674508174,
            0.6223266250222639,
            0.0
        ],
        [
            0.24307448876881485,
            0.13509359577465294,
            0.621831915456532,
            0.0
        ],
        [
            0.24074966839639414,
            0.13791836405407107,
            0.6213319675495348,
            0.0
        ],
        [
            0.23840004162562764,
            0.140773272859781,
            0.6208266855145913,
            0.0
        ],
        [
            0.23602515060207327,
            0.14365887849132608,
            0.6203159709066006,
            0.0
        ],
        [
            0.23362452464069144,
            0.14657575283743562,
            0.6197997225218729,
            0.0
        ],
        [
            0.23119767973750638,
            0.14952448396935186,
            0.6192778362931418,
            0.0
        ],
        [
            0.22874411805815795,
            0.1525056767622335,
            0.6187502051796085,
            0.0
        ],
        [
            0.22626332740096636,
            0.15551995354752707,
            0.6182167190515065,
            0.0
        ],
        [
            0.22375478063402449,
            0.15856795479689234,
            0.6176772645690831,
            0.0
        ],
        [
            0.22121793510397156,
            0.16165033984053603,
            0.6171317250554924,
            0.0
        ],
        [
            0.21865223201523398,
            0.1647677876214259,
            0.6165799803633402,
            0.0
        ],
        [
            0.21605709577772736,
            0.1679209974878246,
            0.616021906734448,
            0.0
        ],
        [
            0.21343193332100555,
            0.17111069002658974,
            0.6154573766524046,
            0.0
        ],
        [
            0.21077613337313145,
            0.17433760793933548,
            0.6148862586875331,
            0.0
        ],
        [
            0.208089065701325,
            0.1776025169650343,
            0.6143084173336407,
            0.0
        ],
        [
            0.20537008031280282,
            0.1809062068509854,
            0.6137237128362117,
            0.0
        ],
        [
            0.20261850661277428,
            0.18424949237583632,
            0.6131320010113893,
            0.0
        ],
        [
            0.1998336525167105,
            0.18763321442816214,
            0.6125331330551274,
            0.0
        ],
        [
            0.1970148035142625,
            0.1910582411437892,
            0.6119269553419484,
            0.0
        ],
        [
            0.19416122168113056,
            0.19452546910635762,
            0.6113133092125118,
            0.0
        ],
        [
            0.1912721446359088,
            0.19803582461473712,
            0.6106920307493541,
            0.0
        ],
        [
            0.1883467844378218,
            0.20159026502225655,
            0.6100629505399215,
            0.0
        ],
        [
            0.18538432642119435,
            0.20518978015280223,
            0.6094258934260034,
            0.0
        ],
        [
            0.1823839279626236,
            0.20883539379867957,
            0.6087806782386969,
            0.0
        ],
        [
            0.1793447171758014,
            0.21252816530637875,
            0.6081271175178199,
            0.0
        ],
        [
            0.1762657915289256,
            0.21626919125639196,
            0.6074650172146824,
            0.0
        ],
        [
            0.17314621637918418,
            0.2200596072437849,
            0.6067941763770309,
            0.0
        ],
        [
            0.1699850234178997,
            0.223900589767312,
            0.6061143868147882,
            0.0
        ],
        [
            0.16678120902042082,
            0.22779335823426297,
            0.6054254327453161,
            0.0
        ],
        [
            0.1635337324929109,
            0.23173917709057423,
            0.6047270904165148,
            0.0
        ],
        [
            0.16024151420867852,
            0.23573935808514387,
            0.6040191277061775,
            0.0
        ],
        [
            0.1569034336251343,
            0.23979526267918239,
            0.6033013036956834,
            0.0
        ],
        [
            0.1535183271727558,
            0.24390830461106713,
            0.6025733682161771,
            0.0
        ],
        [
            0.15008498600516904,
            0.2480799526299375,
            0.6018350613648935,
            0.0
        ],
        [
            0.1466021535998911,
            0.25231173341073,
            0.601086112989379,
            0.0
        ],
        [
            0.14306852319728347,
            0.2566052346657813,
            0.6003262421369353,
            0.0
        ],
        [
            0.13948273506464098,
            0.2609621084688859,
            0.5995551564664732,
            0.0
        ],
        [
            0.13584337357061396,
            0.2653840748097906,
            0.5987725516195954,
            0.0
        ],
        [
            0.13214896405424,
            0.26987292539823093,
            0.597978110547529,
            0.0
        ],
        [
            0.12839796947097654,
            0.27443052773890214,
            0.5971715027901213,
            0.0
        ],
        [
            0.1245887867961586,
            0.27905882950114863,
            0.5963523837026928,
            0.0
        ],
        [
            0.12071974316468166,
            0.28375986320912966,
            0.5955203936261887,
            0.0
        ],
        [
            0.11678909172331879,
            0.2885357512811209,
            0.5946751569955603,
            0.0
        ],
        [
            0.11279500716964101,
            0.2933887114495805,
            0.5938162813807785,
            0.0
        ],
        [
            0.10873558094876204,
            0.2983210625969423,
            0.5929433564542956,
            0.0
        ],
        [
            0.10460881607557525,
            0.3033352310464198,
            0.5920559528780049,
            0.0
        ],
        [
            0.10041262154731999,
            0.3084337573505403,
            0.5911536211021396,
            0.0
        ],
        [
            0.09614480630690785,
            0.31361930362548485,
            0.5902358900676073,
            0.0
        ],
        [
            0.09180307271260761,
            0.3188946614851774,
            0.5893022658022149,
            0.0
        ],
        [
            0.08738500946563912,
            0.3242627606339899,
            0.588352229900371,
            0.0
        ],
        [
            0.08288808394003008,
            0.3297266781856651,
            0.5873852378743049,
            0.0
        ],
        [
            0.0783096338539121,
            0.3352896487823581,
            0.5864007173637297,
            0.0
        ],
        [
            0.07364685821286479,
            0.34095507559810134,
            0.5853980661890339,
            0.0
        ],
        [
            0.06889680744800643,
            0.34672654232060696,
            0.5843766502313866,
            0.0
        ],
        [
            0.06405637266171385,
            0.352607826217253,
            0.5833358011210331,
            0.0
        ],
        [
            0.059122273882585806,
            0.35860291240478076,
            0.5822748137126335,
            0.0
        ],
        [
            0.05409104721844875,
            0.3647160094578071,
            0.5811929433237442,
            0.0
        ],
        [
            0.0489590307816266,
            0.3709515665089645,
            0.5800894027094089,
            0.0
        ],
        [
            0.04372234924358015,
            0.3773142920142726,
            0.5789633587421472,
            0.0
        ],
        [
            0.038376896856991825,
            0.3838091743804692,
            0.577813928762539,
            0.0
        ],
        [
            0.03291831875977727,
            0.3904415046796905,
            0.5766401765605321,
            0.0
        ],
        [
            0.02734199035002554,
            0.39721690170784885,
            0.5754411079421256,
            0.0
        ],
        [
            0.021642994490290935,
            0.4041413396802009,
            0.5742156658295082,
            0.0
        ],
        [
            0.015816096263527007,
            0.41122117890150517,
            0.5729627248349679,
            0.0
        ],
        [
            0.009855714961863226,
            0.4184631997980804,
            0.5716810852400565,
            0.0
        ],
        [
            0.003755892941066534,
            0.4258746407578306,
            0.5703694663011029,
            0.0
        ],
        [
            0.0,
            0.4322183707526304,
            0.5677816292473695,
            0.0
        ],
        [
            0.0,
            0.4367469818302327,
            0.5632530181697674,
            0.0
        ],
        [
            0.0,
            0.4412688612938337,
            0.5587311387061663,
            0.0
        ],
        [
            0.0,
            0.44578349463299355,
            0.5542165053670065,
            0.0
        ],
        [
            0.0,
            0.45029035274592605,
            0.549709647254074,
            0.0
        ],
        [
            0.0,
            0.45478889174599496,
            0.5452111082540051,
            0.0
        ],
        [
            0.0,
            0.45927855278267954,
            0.5407214472173204,
            0.0
        ],
        [
            0.0,
            0.46375876187739845,
            0.5362412381226016,
            0.0
        ],
        [
            0.0,
            0.46822892977672553,
            0.5317710702232745,
            0.0
        ],
        [
            0.0,
            0.4726884518243373,
            0.5273115481756627,
            0.0
        ],
        [
            0.0,
            0.47713670785359624,
            0.5228632921464038,
            0.0
        ],
        [
            0.0,
            0.48157306210252304,
            0.518426937897477,
            0.0
        ],
        [
            0.0,
            0.4859968631533984,
            0.5140031368466016,
            0.0
        ],
        [
            0.0,
            0.4904074438987773,
            0.5095925561012227,
            0.0
        ],
        [
            0.0,
            0.49480412153589304,
            0.5051958784641071,
            0.0
        ],
        [
            0.0,
            0.4991861975921708,
            0.5008138024078291,
            0.0
        ],
        [
            0.0,
            0.5035529579832654,
            0.49644704201673456,
            0.0
        ],
        [
            0.0,
            0.5079036731065519,
            0.4920963268934481,
            0.0
        ],
        [
            0.0,
            0.5122375979718446,
            0.48776240202815535,
            0.0
        ],
        [
            0.0,
            0.5165539723720125,
            0.48344602762798755,
            0.0
        ],
        [
            0.0,
            0.5208520210955956,
            0.47914797890440447,
            0.0
        ],
        [
            0.0,
            0.525130954183835,
            0.47486904581616496,
            0.0
        ],
        [
            0.0,
            0.529389967234086,
            0.470610032765914,
            0.0
        ],
        [
            0.0,
            0.5336282417525581,
            0.4663717582474419,
            0.0
        ],
        [
            0.0,
            0.5378449455577905,
            0.46215505444220945,
            0.0
        ],
        [
            0.0,
            0.5420392332374027,
            0.4579607667625973,
            0.0
        ],
        [
            0.0,
            0.5462102466602307,
            0.4537897533397693,
            0.0
        ],
        [
            0.0,
            0.5503571155454284,
            0.4496428844545716,
            0.0
        ]
    ],
    "Gap": [
        0.012284126406962692,
        0.012287030574979088,
        0.0122899807317462,
        0.012292978006012261,
        0.012296023564700893,
        0.01229911861456934,
        0.01230226440394723,
        0.012305462224573231,
        0.012308713413518241,
        0.012312019355234958,
        0.012315381483696625,
        0.012318801284665276,
        0.012322280298093279,
        0.012325820120648557,
        0.012329422408391699,
        0.012333088879597304,
        0.01233682131776327,
        0.012340621574762954,
        0.012344491574213167,
        0.012348433315034421,
        0.0123524488752185,
        0.012356540415842275,
        0.012360710185321411,
        0.012364960523931871,
        0.012369293868617806,
        0.012373712758105478,
        0.012378219838349582,
        0.012382817868346281,
        0.01238750972630463,
        0.012392298416260465,
        0.01239718707511921,
        0.012402178980190423,
        0.012407277557243938,
        0.012412486389116755,
        0.012417809224959305,
        0.012423249990121036,
        0.012428812796771414,
        0.012434501955285594,
        0.012440321986504712,
        0.01244627763489933,
        0.012452373882753373,
        0.012458615965449126,
        0.012465009387944162,
        0.012471559942566598,
        0.012478273728249896,
        0.012485157171332643,
        0.012492217048098076,
        0.012499460509193407,
        0.012506895106142623,
        0.012514528820158572,
        0.012522370093472856,
        0.01253042786347086,
        0.01253871159990522,
        0.01254723134552951,
        0.012555997760516807,
        0.012565022171091296,
        0.012574316622817197,
        0.012583893939107294,
        0.0125937677855286,
        0.012603952740576402,
        0.012614464373714438,
        0.012625319331524866,
        0.012636535432973882,
        0.012648131774914204,
        0.012660128849124432,
        0.012672548672352941,
        0.012685414931044607,
        0.012698753142697954,
        0.01271259083604059,
        0.012726957752598229,
        0.012741886072528621,
        0.012757410668146318,
        0.012773569388913391,
        0.012761820185972661,
        0.012706185660616246,
        0.012650514260510233,
        0.012594814308909463,
        0.012539094425865682,
        0.012483363532618304,
        0.012427630855647657,
        0.012371905930350877,
        0.012316198604294889,
        0.012260519040015246,
        0.012204877717302415,
        0.012149285434922082,
        0.012093753311746778,
        0.012038292787214086,
        0.011982915621071339,
        0.011927633892372126,
        0.011872459997624861,
        0.011817406648076121,
        0.011762486866059595,
        0.011707713980336607,
        0.011653101620394579,
        0.011598663709623609,
        0.01154441445734649,
        0.011490368349590526,
        0.01143654013862636,
        0.011382944831145323,
        0.011329597675083663
    ],
    "Check_Prop": {
        "isSymmetry": true,
        "isTriangIneq": true,
        "isPSD": true
    }
}