{
    "Accuracy": [
        0.5181518151815182,
        0.5181518151815182,
        0.5181518151815182,
        0.5148514851485149,
        0.5148514851485149,
        0.5148514851485149,
        0.5148514851485149,
        0.5181518151815182,
        0.5181518151815182,
        0.5181518151815182,
        0.5181518151815182,
        0.5181518151815182,
        0.5181518151815182,
        0.5181518151815182,
        0.5181518151815182,
        0.5181518151815182,
        0.5181518151815182,
        0.5148514851485149,
        0.5148514851485149,
        0.5148514851485149,
        0.5148514851485149,
        0.5148514851485149,
        0.5148514851485149,
        0.5148514851485149,
        0.5148514851485149,
        0.5181518151815182,
        0.5181518151815182,
        0.5181518151815182,
        0.5181518151815182,
        0.5181518151815182,
        0.5181518151815182,
        0.5181518151815182,
        0.5181518151815182,
        0.5181518151815182,
        0.5181518151815182,
        0.5214521452145214,
        0.5214521452145214,
        0.5214521452145214,
        0.5214521452145214,
        0.5214521452145214,
        0.528052805280528,
        0.528052805280528,
        0.528052805280528,
        0.528052805280528,
        0.528052805280528,
        0.528052805280528,
        0.528052805280528,
        0.528052805280528,
        0.528052805280528,
        0.528052805280528,
        0.528052805280528,
        0.528052805280528,
        0.528052805280528,
        0.528052805280528,
        0.528052805280528,
        0.528052805280528,
        0.528052805280528,
        0.528052805280528,
        0.528052805280528,
        0.528052805280528,
        0.528052805280528,
        0.528052805280528,
        0.5313531353135313,
        0.5313531353135313,
        0.528052805280528,
        0.528052805280528,
        0.528052805280528,
        0.528052805280528,
        0.528052805280528,
        0.528052805280528,
        0.528052805280528,
        0.528052805280528,
        0.528052805280528,
        0.528052805280528,
        0.528052805280528,
        0.528052805280528,
        0.528052805280528,
        0.528052805280528,
        0.528052805280528,
        0.528052805280528,
        0.5313531353135313,
        0.5379537953795379,
        0.5379537953795379,
        0.5379537953795379,
        0.5379537953795379,
        0.5379537953795379,
        0.5379537953795379,
        0.5379537953795379,
        0.5379537953795379,
        0.5379537953795379,
        0.5379537953795379,
        0.5379537953795379,
        0.5379537953795379,
        0.5379537953795379,
        0.5379537953795379,
        0.5379537953795379,
        0.5478547854785478,
        0.5511551155115512,
        0.5511551155115512,
        0.5511551155115512
    ],
    "Normalized_Mutual_Info": [
        0.03978236119350976,
        0.03978236119350976,
        0.03978236119350976,
        0.03757501373414778,
        0.03757501373414778,
        0.03757501373414778,
        0.03757501373414778,
        0.03537463408101834,
        0.03537463408101834,
        0.03537463408101834,
        0.03537463408101834,
        0.03537463408101834,
        0.03537463408101834,
        0.03537463408101834,
        0.03537463408101834,
        0.03537463408101834,
        0.03537463408101834,
        0.03329923070923632,
        0.03329923070923632,
        0.03329923070923632,
        0.03329923070923632,
        0.03329923070923632,
        0.03329923070923632,
        0.03329923070923632,
        0.03329923070923632,
        0.03537463408101834,
        0.03537463408101834,
        0.03537463408101834,
        0.03537463408101834,
        0.03537463408101834,
        0.03537463408101834,
        0.03537463408101834,
        0.03537463408101834,
        0.03537463408101834,
        0.03537463408101834,
        0.033245195094027125,
        0.033245195094027125,
        0.033245195094027125,
        0.033245195094027125,
        0.033245195094027125,
        0.03320739965862697,
        0.03320739965862697,
        0.03320739965862697,
        0.03320739965862697,
        0.03320739965862697,
        0.03320739965862697,
        0.03320739965862697,
        0.03320739965862697,
        0.03320739965862697,
        0.03320739965862697,
        0.03320739965862697,
        0.03320739965862697,
        0.03320739965862697,
        0.03320739965862697,
        0.03320739965862697,
        0.03320739965862697,
        0.03320739965862697,
        0.03320739965862697,
        0.03320739965862697,
        0.03320739965862697,
        0.03320739965862697,
        0.03320739965862697,
        0.031155121801208333,
        0.031155121801208333,
        0.03320739965862697,
        0.03320739965862697,
        0.03320739965862697,
        0.03320739965862697,
        0.03320739965862697,
        0.03320739965862697,
        0.03320739965862697,
        0.03320739965862697,
        0.03320739965862697,
        0.03320739965862697,
        0.03320739965862697,
        0.03320739965862697,
        0.03320739965862697,
        0.03320739965862697,
        0.03320739965862697,
        0.03320739965862697,
        0.03530028710619042,
        0.03970492258449791,
        0.03970492258449791,
        0.03970492258449791,
        0.03970492258449791,
        0.03970492258449791,
        0.03970492258449791,
        0.03970492258449791,
        0.03970492258449791,
        0.03970492258449791,
        0.03970492258449791,
        0.03970492258449791,
        0.03970492258449791,
        0.03970492258449791,
        0.03970492258449791,
        0.03970492258449791,
        0.046879521164458995,
        0.04942846959445474,
        0.04942846959445474,
        0.04942846959445474
    ],
    "Weights": [
        [
            0.24904014096069935,
            0.2510521315457137,
            0.2510820798213436,
            0.24882564767224333
        ],
        [
            0.24805841019952304,
            0.25212823765415643,
            0.25218881642320834,
            0.2476245357231121
        ],
        [
            0.24705442394084917,
            0.2532287390135255,
            0.25332064245426766,
            0.2463961945913577
        ],
        [
            0.24602779777691572,
            0.254354057005861,
            0.2544779912761157,
            0.24514015394110758
        ],
        [
            0.24497814702671925,
            0.2555046133136756,
            0.255661296558679,
            0.24385594310092618
        ],
        [
            0.24390508711188008,
            0.25668082950798593,
            0.2568709918565003,
            0.24254309152363362
        ],
        [
            0.2428082339491579,
            0.257883126618094,
            0.2581075101662524,
            0.24120112926649587
        ],
        [
            0.24168720435971702,
            0.2591119246830069,
            0.25937128346536853,
            0.23982958749190758
        ],
        [
            0.24054161649482772,
            0.26036764228484255,
            0.2606627422321455,
            0.23842799898818423
        ],
        [
            0.23937109027767206,
            0.2616506960645799,
            0.26198231494768975,
            0.23699589871005822
        ],
        [
            0.23817524786092537,
            0.26296150022051845,
            0.26333042758008,
            0.2355328243384761
        ],
        [
            0.23695371409957308,
            0.2643004659900361,
            0.2647075030513538,
            0.23403831685903698
        ],
        [
            0.2357061170384957,
            0.26566800111515876,
            0.2661139606878459,
            0.23251192115849964
        ],
        [
            0.23443208841405622,
            0.2670645092927813,
            0.26755021565473996,
            0.23095318663842254
        ],
        [
            0.2331312641689967,
            0.26849038961029786,
            0.26901667837561744,
            0.2293616678450881
        ],
        [
            0.23180328497979263,
            0.26994603596757644,
            0.2705137539379607,
            0.22773692511467025
        ],
        [
            0.23044779679545996,
            0.2714318364863789,
            0.27204184148574606,
            0.22607852523241517
        ],
        [
            0.2290644513867784,
            0.272948172908361,
            0.2736013336002925,
            0.22438604210456806
        ],
        [
            0.2276529069047463,
            0.27449541998295346,
            0.2751926156707043,
            0.22265905744159595
        ],
        [
            0.22621282844709908,
            0.27607394484640113,
            0.2768160652552214,
            0.22089716145127836
        ],
        [
            0.22474388863124106,
            0.27768410639377183,
            0.2784720514353404,
            0.21909995353964673
        ],
        [
            0.22324576817253294,
            0.2793262546450919,
            0.2801609341638965,
            0.2172670430184787
        ],
        [
            0.22171815646593623,
            0.2810007301078006,
            0.281883063609361,
            0.21539804981690222
        ],
        [
            0.2201607521697021,
            0.28270786313696117,
            0.28363877949783306,
            0.21349260519550364
        ],
        [
            0.21857326378906497,
            0.2844479732954647,
            0.28542841045502554,
            0.2115503524604448
        ],
        [
            0.21695541025837675,
            0.2862213687159402,
            0.28725227335000764,
            0.20957094767567536
        ],
        [
            0.21530692151953557,
            0.28802834546672473,
            0.2891106726431246,
            0.207554060370615
        ],
        [
            0.21362753909483215,
            0.28986918692394914,
            0.2910038997402095,
            0.20549937424100923
        ],
        [
            0.21191701665222185,
            0.29174416315192364,
            0.2929322323553326,
            0.20340658784052199
        ],
        [
            0.21017512056080306,
            0.29365353029425595,
            0.29489593388459096,
            0.20127541526034992
        ],
        [
            0.20840163043455126,
            0.29559752997783983,
            0.2968952527931372,
            0.19910558679447177
        ],
        [
            0.20659633966197496,
            0.29757638873227077,
            0.2989304220180765,
            0.19689684958767784
        ],
        [
            0.20475905591966867,
            0.29959031742691133,
            0.301001658389518,
            0.19464896826390202
        ],
        [
            0.202889601667496,
            0.30163951072808803,
            0.3031091620723325,
            0.19236172553208342
        ],
        [
            0.2009878146233347,
            0.30372414657868746,
            0.30525311603095084,
            0.190034922767027
        ],
        [
            0.19905354821520233,
            0.3058443857025435,
            0.30743368551965944,
            0.1876683805625946
        ],
        [
            0.19708667200871152,
            0.3080003711358633,
            0.3096510176007081,
            0.185261939254717
        ],
        [
            0.19508707210780118,
            0.31019222778794203,
            0.31190524069254216,
            0.18281545941171468
        ],
        [
            0.1930546515268093,
            0.31242006203328854,
            0.31419646415034197,
            0.18032882228956007
        ],
        [
            0.19098933053207573,
            0.31468396133714693,
            0.31652477788091166,
            0.17780193024986568
        ],
        [
            0.18889104695121592,
            0.3169839939164504,
            0.31889025199401044,
            0.17523470713832312
        ],
        [
            0.18675975644847956,
            0.3193202084379491,
            0.32129293649191926,
            0.17262709862165207
        ],
        [
            0.18459543276468332,
            0.3216926337551646,
            0.32373286099894044,
            0.16997907248121158
        ],
        [
            0.18239806792040344,
            0.32410127868561445,
            0.32621003453231723,
            0.16729061886166502
        ],
        [
            0.1801676723810341,
            0.3265461318298327,
            0.32872444531613987,
            0.16456175047299323
        ],
        [
            0.17790427518292656,
            0.3290271614330501,
            0.33127606063912846,
            0.16179250274489493
        ],
        [
            0.17560792401949754,
            0.3315443152907478,
            0.33386482675754,
            0.15898293393221474
        ],
        [
            0.1732786852868135,
            0.33409752069863063,
            0.336490668843761,
            0.1561331251707948
        ],
        [
            0.17091664408805243,
            0.3366866844476726,
            0.3391534909812573,
            0.15324318048301758
        ],
        [
            0.16852190419657637,
            0.33931169286452817,
            0.3418531762061823,
            0.15031322673271327
        ],
        [
            0.16609458797749904,
            0.3419724118974362,
            0.3445895865957743,
            0.14734341352929048
        ],
        [
            0.16363483626797376,
            0.34466868724737104,
            0.34736256340329075,
            0.14433391308136445
        ],
        [
            0.16114280821637117,
            0.34740034454425295,
            0.3501719272392846,
            0.1412849200000912
        ],
        [
            0.15861868108093,
            0.35016718956758097,
            0.35301747829856944,
            0.13819665105291967
        ],
        [
            0.1560626499886109,
            0.3529690085106864,
            0.35589899663204727,
            0.13506934486865557
        ],
        [
            0.15347492765506393,
            0.3558055682876109,
            0.358816242462375,
            0.13190326159495014
        ],
        [
            0.1508557440667759,
            0.35867661688143954,
            0.36176895654226604,
            0.12869868250951838
        ],
        [
            0.1482053461267116,
            0.36158188373264827,
            0.36475686055394657,
            0.12545590958669361
        ],
        [
            0.14552399726482204,
            0.3645210801659621,
            0.3677796575482173,
            0.12217526502099867
        ],
        [
            0.14281197701515555,
            0.3674938998538215,
            0.3708370324211668,
            0.1188570907098562
        ],
        [
            0.14006958056117355,
            0.37050001931470045,
            0.37392865242672746,
            0.11550174769739856
        ],
        [
            0.13729711825128152,
            0.37353909844407307,
            0.37705416772280953,
            0.11210961558183594
        ],
        [
            0.1344949150864792,
            0.37661078107594237,
            0.380213211948866,
            0.10868109188871244
        ],
        [
            0.131663310182281,
            0.3797146955725734,
            0.38340540283246444,
            0.10521659141268117
        ],
        [
            0.12880265620709075,
            0.3828504554400365,
            0.3866303428224025,
            0.10171654553047024
        ],
        [
            0.12591331879926276,
            0.3860176599671149,
            0.3898876197458519,
            0.09818140148777048
        ],
        [
            0.12299567596526034,
            0.3892158948849337,
            0.39317680748681194,
            0.094611621662994
        ],
        [
            0.12005011746111403,
            0.39244473304489647,
            0.39649746668339125,
            0.0910076828105982
        ],
        [
            0.11707704415969034,
            0.3957037351121776,
            0.3998491454410855,
            0.08737007528704652
        ],
        [
            0.11407686740612434,
            0.39899245027219055,
            0.4032313800593999,
            0.08369930226228522
        ],
        [
            0.11105000836372456,
            0.4023104169475027,
            0.4066436957692128,
            0.07999587891956
        ],
        [
            0.10799689735282134,
            0.40565716352248715,
            0.41008560747809564,
            0.07626033164659594
        ],
        [
            0.10491797318475143,
            0.40903220907330895,
            0.4135566205211165,
            0.07249319722082315
        ],
        [
            0.10181368249333653,
            0.41243506410066083,
            0.41705623141447007,
            0.06869502199153255
        ],
        [
            0.09868447906605804,
            0.41586523126283503,
            0.4205839286094506,
            0.06486636106165643
        ],
        [
            0.09553082317697426,
            0.41932220610688775,
            0.4241391932444614,
            0.061007777471676614
        ],
        [
            0.09235318092349921,
            0.42280547779557454,
            0.4277214998926729,
            0.05711984138825326
        ],
        [
            0.0891520235690273,
            0.42631452982788043,
            0.4313303173030904,
            0.05320312930000171
        ],
        [
            0.08592782689313061,
            0.4298488407512526,
            0.4349651091330866,
            0.04925822322253017
        ],
        [
            0.08268107055123755,
            0.4334078848634434,
            0.4386253346702459,
            0.04528570991507321
        ],
        [
            0.079412237445289,
            0.43699113290232416,
            0.4423104495418353,
            0.041286180110551685
        ],
        [
            0.07612181310695126,
            0.44059805272193764,
            0.4460199064101197,
            0.03726022776099145
        ],
        [
            0.07281028509482829,
            0.44422810995320916,
            0.4497531556518971,
            0.03320844930006535
        ],
        [
            0.06947814240679301,
            0.44788076864808773,
            0.4535096460209901,
            0.02913144292412906
        ],
        [
            0.06612587490882724,
            0.45155549190559496,
            0.4572888252921275,
            0.025029807893450363
        ],
        [
            0.0627539727811164,
            0.45525174247896305,
            0.46109014088537525,
            0.020904143854545282
        ],
        [
            0.0593629259825634,
            0.4589689833625868,
            0.4649130404698043,
            0.01675505018504543
        ],
        [
            0.05595322373434453,
            0.46270667835810475,
            0.46875697254569165,
            0.012583125361858953
        ],
        [
            0.05252535402323492,
            0.4664642926188139,
            0.47262138700443607,
            0.008388966353515118
        ],
        [
            0.049079803125235126,
            0.4702412931718336,
            0.4765057356655881,
            0.004173168037343113
        ],
        [
            0.04559582936396651,
            0.47401592363153616,
            0.4803882470044973,
            0.0
        ],
        [
            0.040697168613172144,
            0.47641105363638725,
            0.4828917777504405,
            0.0
        ],
        [
            0.03576903784855583,
            0.4788205934131679,
            0.4854103687382762,
            0.0
        ],
        [
            0.03081167851792302,
            0.48124442492618785,
            0.48794389655588905,
            0.0
        ],
        [
            0.025825337393338116,
            0.48368242753653146,
            0.4904922350701304,
            0.0
        ],
        [
            0.020810266418795888,
            0.48613447807653015,
            0.4930552555046739,
            0.0
        ],
        [
            0.01576672255468963,
            0.4886004509258013,
            0.4956328265195091,
            0.0
        ],
        [
            0.010694967619259303,
            0.4910802180887631,
            0.4982248142919777,
            0.0
        ],
        [
            0.005595268127329321,
            0.49357364927347547,
            0.5008310825991952,
            0.0
        ],
        [
            0.00046789512650054904,
            0.4960806119717254,
            0.503451492901774,
            0.0
        ]
    ],
    "Gap": [
        0.009519827057564866,
        0.009546676686052752,
        0.009574200620493122,
        0.00960241382131898,
        0.00963133145625246,
        0.00966096889540465,
        0.009691341705850351,
        0.009722465645621904,
        0.009754356657128914,
        0.00978703085999458,
        0.009820504543258928,
        0.009854794156997318,
        0.009889916303273981,
        0.009925887726481829,
        0.009962725303027059,
        0.010000446030373273,
        0.010039067015422379,
        0.010078605462256104,
        0.010119078659240461,
        0.010160503965469117,
        0.010202898796618965,
        0.010246280610138851,
        0.01029066688990466,
        0.010336075130239266,
        0.01038252281943408,
        0.010430027422704822,
        0.010478606364689043,
        0.010528277011468199,
        0.010579056652191762,
        0.01063096248031726,
        0.0106840115745233,
        0.010738220879372718,
        0.01079360718571868,
        0.010850187110988705,
        0.010907977079336167,
        0.010966993301764927,
        0.011027251756281687,
        0.011088768168140658,
        0.011151557990250595,
        0.011215636383817576,
        0.011281018199287672,
        0.01134771795767947,
        0.011415749832352362,
        0.01148512763130283,
        0.01155586478005269,
        0.011627974305199395,
        0.011701468818682318,
        0.011776360502860702,
        0.011852661096423621,
        0.011930381881235514,
        0.012009533670127436,
        0.01209012679571587,
        0.012172171100281109,
        0.012255675926750653,
        0.01234065011081339,
        0.012427101974208089,
        0.012515039319202847,
        0.012604469424272489,
        0.012695399041015538,
        0.012787834392284154,
        0.012881781171538684,
        0.012977244543433696,
        0.013074229145604849,
        0.013172739091643978,
        0.0132727779752453,
        0.013374348875486747,
        0.013477454363211997,
        0.013582096508486914,
        0.013688276889066663,
        0.013795996599844741,
        0.013905256263228156,
        0.014016056040377185,
        0.014128395643270866,
        0.014242274347519214,
        0.014357691005877077,
        0.014474644062395122,
        0.01459313156713772,
        0.01471315119141468,
        0.014834700243464222,
        0.014957775684502402,
        0.01508237414511881,
        0.015208491941917203,
        0.01533612509435891,
        0.015465269341755107,
        0.015595920160339906,
        0.01572807278039101,
        0.015861722203305454,
        0.015996863218640245,
        0.016133490421013707,
        0.016271598226863648,
        0.016411180891004816,
        0.016551324190635482,
        0.01663288614998745,
        0.016715282260582744,
        0.01679851483757229,
        0.0168825860922495,
        0.016967498132411826,
        0.017053252962826147,
        0.017139852485798832,
        0.017227298501833962
    ],
    "Check_Prop": {
        "isSymmetry": true,
        "isTriangIneq": true,
        "isPSD": true
    }
}