{
    "Accuracy": [
        0.7978723404255319,
        0.7978723404255319,
        0.7978723404255319,
        0.7978723404255319,
        0.7978723404255319,
        0.7978723404255319,
        0.7978723404255319,
        0.7978723404255319,
        0.7978723404255319,
        0.824468085106383,
        0.824468085106383,
        0.824468085106383,
        0.824468085106383,
        0.824468085106383,
        0.824468085106383,
        0.824468085106383,
        0.824468085106383,
        0.824468085106383,
        0.824468085106383,
        0.824468085106383,
        0.8297872340425532,
        0.8297872340425532,
        0.8297872340425532,
        0.8297872340425532,
        0.8297872340425532,
        0.8351063829787234,
        0.8351063829787234,
        0.8351063829787234,
        0.8351063829787234,
        0.8351063829787234,
        0.8351063829787234,
        0.8351063829787234,
        0.8351063829787234,
        0.8351063829787234,
        0.8404255319148937,
        0.8404255319148937,
        0.8404255319148937,
        0.8404255319148937,
        0.8404255319148937,
        0.8404255319148937,
        0.8404255319148937,
        0.8404255319148937,
        0.8404255319148937,
        0.8404255319148937,
        0.8404255319148937,
        0.8404255319148937,
        0.8404255319148937,
        0.8404255319148937,
        0.8404255319148937,
        0.8404255319148937,
        0.8404255319148937,
        0.8404255319148937,
        0.8404255319148937,
        0.8404255319148937,
        0.8404255319148937,
        0.8404255319148937,
        0.8404255319148937,
        0.8404255319148937,
        0.8404255319148937,
        0.8404255319148937,
        0.8404255319148937,
        0.8404255319148937,
        0.8404255319148937,
        0.8404255319148937,
        0.8404255319148937,
        0.8404255319148937,
        0.8404255319148937,
        0.8404255319148937,
        0.8404255319148937,
        0.8404255319148937,
        0.8404255319148937,
        0.8404255319148937,
        0.8404255319148937,
        0.8404255319148937,
        0.8404255319148937,
        0.8404255319148937,
        0.8404255319148937,
        0.8404255319148937,
        0.8404255319148937,
        0.8404255319148937,
        0.8351063829787234,
        0.8351063829787234,
        0.8351063829787234,
        0.8351063829787234,
        0.8351063829787234,
        0.8351063829787234,
        0.8351063829787234,
        0.8351063829787234,
        0.8351063829787234,
        0.8351063829787234,
        0.8351063829787234,
        0.8351063829787234,
        0.8351063829787234,
        0.8351063829787234,
        0.8351063829787234,
        0.8351063829787234,
        0.8351063829787234,
        0.8351063829787234,
        0.8351063829787234,
        0.8351063829787234
    ],
    "Normalized_Mutual_Info": [
        0.09870507937275586,
        0.09870507937275586,
        0.09870507937275586,
        0.09870507937275586,
        0.09870507937275586,
        0.09870507937275586,
        0.09870507937275586,
        0.09870507937275586,
        0.09870507937275586,
        0.1475539867860813,
        0.1475539867860813,
        0.1475539867860813,
        0.1475539867860813,
        0.1475539867860813,
        0.1475539867860813,
        0.1475539867860813,
        0.1475539867860813,
        0.1475539867860813,
        0.1475539867860813,
        0.1475539867860813,
        0.13784960147580697,
        0.13784960147580697,
        0.13784960147580697,
        0.13784960147580697,
        0.13784960147580697,
        0.128310645227208,
        0.128310645227208,
        0.128310645227208,
        0.128310645227208,
        0.128310645227208,
        0.128310645227208,
        0.128310645227208,
        0.128310645227208,
        0.128310645227208,
        0.11893831044436512,
        0.11893831044436512,
        0.11893831044436512,
        0.11893831044436512,
        0.11893831044436512,
        0.11893831044436512,
        0.11893831044436512,
        0.11893831044436512,
        0.11893831044436512,
        0.11893831044436512,
        0.11893831044436512,
        0.11893831044436512,
        0.11893831044436512,
        0.11893831044436512,
        0.11893831044436512,
        0.11893831044436512,
        0.11893831044436512,
        0.11893831044436512,
        0.11893831044436512,
        0.11893831044436512,
        0.11893831044436512,
        0.11893831044436512,
        0.11893831044436512,
        0.11893831044436512,
        0.11893831044436512,
        0.11893831044436512,
        0.11893831044436512,
        0.11893831044436512,
        0.11893831044436512,
        0.11893831044436512,
        0.11893831044436512,
        0.11893831044436512,
        0.11893831044436512,
        0.11893831044436512,
        0.11893831044436512,
        0.11893831044436512,
        0.11893831044436512,
        0.11893831044436512,
        0.11893831044436512,
        0.11893831044436512,
        0.11893831044436512,
        0.11893831044436512,
        0.11893831044436512,
        0.11893831044436512,
        0.11893831044436512,
        0.11893831044436512,
        0.128310645227208,
        0.128310645227208,
        0.128310645227208,
        0.128310645227208,
        0.128310645227208,
        0.128310645227208,
        0.128310645227208,
        0.128310645227208,
        0.128310645227208,
        0.128310645227208,
        0.128310645227208,
        0.128310645227208,
        0.128310645227208,
        0.128310645227208,
        0.128310645227208,
        0.128310645227208,
        0.128310645227208,
        0.128310645227208,
        0.128310645227208,
        0.128310645227208
    ],
    "Weights": [
        [
            0.3344898101234215,
            0.1764155528857451,
            0.4890946369908334
        ],
        [
            0.33581228897562443,
            0.17659188800669243,
            0.48759582301768306
        ],
        [
            0.3371336881204361,
            0.1767680248993923,
            0.48609828698017155
        ],
        [
            0.33845375864172983,
            0.17694393045796913,
            0.4846023109003011
        ],
        [
            0.33977225464011634,
            0.17711957201940207,
            0.48310817334048156
        ],
        [
            0.34108893379853644,
            0.17729491743825118,
            0.4816161487632124
        ],
        [
            0.3424035579237178,
            0.17746993515801146,
            0.4801265069182708
        ],
        [
            0.34371589346013415,
            0.17764459427865517,
            0.47863951226121076
        ],
        [
            0.3450257119735019,
            0.1778188646199774,
            0.4771554234065207
        ],
        [
            0.34633279060121847,
            0.17799271678040884,
            0.4756744926183727
        ],
        [
            0.34763691246757716,
            0.1781661221910191,
            0.4741969653414037
        ],
        [
            0.34893786706201024,
            0.17833905316449009,
            0.47272307977349964
        ],
        [
            0.35023545057906086,
            0.17851148293889854,
            0.4712530664820406
        ],
        [
            0.3515294662191949,
            0.1786833857162027,
            0.46978714806460237
        ],
        [
            0.35281972445001314,
            0.17885473669538754,
            0.46832553885459927
        ],
        [
            0.3541060432278058,
            0.17902551210027404,
            0.4668684446719202
        ],
        [
            0.3553882481797885,
            0.17919568920205076,
            0.46541606261816076
        ],
        [
            0.3566661727477049,
            0.17936524633663167,
            0.46396858091566345
        ],
        [
            0.3579396582938033,
            0.17953416291698612,
            0.46252617878921054
        ],
        [
            0.3592085541704965,
            0.17970241944062784,
            0.4610890263888756
        ],
        [
            0.3604727177552487,
            0.1798699974924782,
            0.459657284752273
        ],
        [
            0.3617320144524481,
            0.18003687974334978,
            0.45823110580420207
        ],
        [
            0.3629863176642146,
            0.18020304994431735,
            0.4568106323914681
        ],
        [
            0.36423550873221394,
            0.18036849291726245,
            0.4553959983505237
        ],
        [
            0.36547947685264404,
            0.18053319454188577,
            0.45398732860547014
        ],
        [
            0.3667181189666638,
            0.18069714173949786,
            0.45258473929383836
        ],
        [
            0.3679513396285158,
            0.1808603224538927,
            0.45118833791759155
        ],
        [
            0.3691790508536418,
            0.18102272562961574,
            0.44979822351674253
        ],
        [
            0.3704011719490552,
            0.18118434118793178,
            0.448414486863013
        ],
        [
            0.3716176293281834,
            0.18134516000079048,
            0.44703721067102614
        ],
        [
            0.37282835631233147,
            0.1815051738630785,
            0.44566646982459013
        ],
        [
            0.3740332929208547,
            0.18166437546343794,
            0.4443023316157073
        ],
        [
            0.37523238565200207,
            0.18182275835391387,
            0.4429448559940841
        ],
        [
            0.37642558725631037,
            0.18198031691868025,
            0.44159409582500947
        ],
        [
            0.37761285650429904,
            0.18213704634207903,
            0.44025009715362184
        ],
        [
            0.3787941579501113,
            0.18229294257618983,
            0.4389128994736989
        ],
        [
            0.37996946169260043,
            0.18244800230812835,
            0.43758253599927127
        ],
        [
            0.3811387431352586,
            0.1826022229272594,
            0.4362590339374821
        ],
        [
            0.3823019827462423,
            0.18275560249248868,
            0.4349424147612691
        ],
        [
            0.38345916581963235,
            0.18290813969978337,
            0.4336326944805842
        ],
        [
            0.3846102822389517,
            0.18305983385005525,
            0.43232988391099314
        ],
        [
            0.38575532624383413,
            0.1832106848175227,
            0.43103398893864325
        ],
        [
            0.3868942962006427,
            0.18336069301865618,
            0.42974501078070115
        ],
        [
            0.3880271943777149,
            0.1835098593817935,
            0.4284629462404915
        ],
        [
            0.3891540267258282,
            0.1836581853175021,
            0.42718778795666973
        ],
        [
            0.39027480266437353,
            0.1838056726897498,
            0.4259195246458767
        ],
        [
            0.3913895348736495,
            0.18395232378793713,
            0.42465814133841334
        ],
        [
            0.39249823909360304,
            0.18409814129983076,
            0.42340361960656625
        ],
        [
            0.39360093392927187,
            0.18424312828542996,
            0.4221559377852983
        ],
        [
            0.39469764066312163,
            0.184387288151789,
            0.42091507118508936
        ],
        [
            0.39578838307440845,
            0.1845306246288103,
            0.41968099229678124
        ],
        [
            0.3968731872656392,
            0.18467314174601523,
            0.41845367098834557
        ],
        [
            0.3979520814961662,
            0.1848148438102951,
            0.4172330746935387
        ],
        [
            0.39902509602289815,
            0.18495573538463791,
            0.416019168592464
        ],
        [
            0.4000922629480788,
            0.18509582126782145,
            0.4148119157840998
        ],
        [
            0.4011536160740577,
            0.1852351064750614,
            0.41361127745088094
        ],
        [
            0.40220919076493317,
            0.18537359621959554,
            0.41241721301547135
        ],
        [
            0.4032590238149454,
            0.18551129589518658,
            0.41122968028986806
        ],
        [
            0.4043031533234574,
            0.18564821105951984,
            0.41004863561702265
        ],
        [
            0.4053416185763668,
            0.1857843474184735,
            0.4088740340051597
        ],
        [
            0.40637445993375076,
            0.1859197108112325,
            0.40770582925501675
        ],
        [
            0.40740171872356773,
            0.186054307196223,
            0.40654397408020937
        ],
        [
            0.4084234371412019,
            0.18618814263783517,
            0.40538842022096294
        ],
        [
            0.4094396581546536,
            0.18632122329390885,
            0.40423911855143757
        ],
        [
            0.41045042541516036,
            0.1864535554039505,
            0.4030960191808891
        ],
        [
            0.4114557831730362,
            0.18658514527805367,
            0.4019590715489102
        ],
        [
            0.41245577619852153,
            0.18671599928649263,
            0.40082822451498584
        ],
        [
            0.41345044970742656,
            0.18684612384996088,
            0.3997034264426126
        ],
        [
            0.4144398492913598,
            0.18697552543042437,
            0.39858462527821586
        ],
        [
            0.4154240208523356,
            0.18710421052256263,
            0.39747176862510175
        ],
        [
            0.41640301054155854,
            0.18723218564576888,
            0.39636480381267253
        ],
        [
            0.4173768647021789,
            0.18735945733668205,
            0.39526367796113904
        ],
        [
            0.4183456298158358,
            0.18748603214222495,
            0.3941683380419393
        ],
        [
            0.4193093524527907,
            0.187611916613122,
            0.39307873093408735
        ],
        [
            0.42026807922547127,
            0.18773711729787215,
            0.3919948034766566
        ],
        [
            0.42122185674524976,
            0.1878616407371532,
            0.3909165025175971
        ],
        [
            0.4221707315822827,
            0.18798549345863325,
            0.38984377495908407
        ],
        [
            0.4231147502282499,
            0.18810868197216857,
            0.3887765677995815
        ],
        [
            0.4240539590618332,
            0.18823121276536522,
            0.3877148281728017
        ],
        [
            0.4249884043167811,
            0.18835309229948424,
            0.3866585033837346
        ],
        [
            0.42591813205242085,
            0.18847432700567165,
            0.38560754094190763
        ],
        [
            0.4268431881264687,
            0.18859492328149252,
            0.3845618885920388
        ],
        [
            0.427763618170016,
            0.18871488748775386,
            0.38352149434223015
        ],
        [
            0.4286794675645563,
            0.18883422594559668,
            0.3824863064898471
        ],
        [
            0.42959078142093676,
            0.18895294493384268,
            0.3814562736452206
        ],
        [
            0.4304976045601191,
            0.1890710506865799,
            0.3804313447533011
        ],
        [
            0.4313999814956369,
            0.1891885493909715,
            0.37941146911339163
        ],
        [
            0.4322979564176512,
            0.1893054471852753,
            0.3783965963970735
        ],
        [
            0.4331915731785,
            0.18942175015705992,
            0.37738667666444015
        ],
        [
            0.4340808752796536,
            0.18953746434160507,
            0.3763816603787414
        ],
        [
            0.4349659058599822,
            0.18965259572047455,
            0.3753814984195432
        ],
        [
            0.4358467076852571,
            0.18976715022025076,
            0.37438614209449206
        ],
        [
            0.4367233231388002,
            0.18988113371141904,
            0.37339554314978074
        ],
        [
            0.43759579421321326,
            0.18999455200739362,
            0.37240965377939317
        ],
        [
            0.4384641625031107,
            0.19010741086367425,
            0.37142842663321496
        ],
        [
            0.43932846919879376,
            0.19021971597712567,
            0.3704518148240806
        ],
        [
            0.4401887550807977,
            0.1903314729853701,
            0.36947977193383214
        ],
        [
            0.4410450605152577,
            0.19044268746628693,
            0.36851225201845533
        ],
        [
            0.4418974254500337,
            0.19055336493760996,
            0.36754920961235626
        ],
        [
            0.4427458894115447,
            0.1906635108566171,
            0.36659059973183833
        ]
    ],
    "Gap": [
        0.0014147571218549135,
        0.0014159907223417112,
        0.0014174949159493644,
        0.001419268564910635,
        0.0014213101887549364,
        0.0014236179719808496,
        0.0014261897733397356,
        0.0014290231366497843,
        0.001432115302998311,
        0.0014354632242184757,
        0.0014390635774882018,
        0.0014429127809143542,
        0.0014470070099327184,
        0.0014513422143909195,
        0.0014559141361313816,
        0.0014607183269383795,
        0.0014657501666908573,
        0.0014710048815835537,
        0.0014764775622764003,
        0.0014821631818390999,
        0.0014880566133840076,
        0.0014941526472829105,
        0.001500446007857584,
        0.001506931369476528,
        0.001513603371996297,
        0.001520456635446201,
        0.0015274857739729334,
        0.0015346854089554724,
        0.0015420501812872236,
        0.001549574762814603,
        0.0015572538669192644,
        0.0015650822582325224,
        0.0015730547615189694,
        0.0015811662697180694,
        0.0015894117511848125,
        0.0015977862561315365,
        0.0016062849223307124,
        0.001614902980083579,
        0.0016236357565042826,
        0.0016324786791562479,
        0.0016414272790690773,
        0.0016504771931869129,
        0.00165962416627687,
        0.0016688640523475882,
        0.0016781928155991275,
        0.0016876065309639984,
        0.0016971013842497363,
        0.0017066736719428986,
        0.001716319800692133,
        0.0017260362865044747,
        0.0017358197536886373,
        0.001745666933576527,
        0.0017555746630391524,
        0.001765539882832292,
        0.0017755596357959982,
        0.001785631064912171,
        0.0017957514112702604,
        0.001805918011927543,
        0.0018161282977104199,
        0.001826379790938669,
        0.0018366701031302293,
        0.0018469969326496477,
        0.001857358062358525,
        0.0018677513572403497,
        0.001878174762032711,
        0.001888626298871455,
        0.0018991040649367953,
        0.0019096062301344294,
        0.0019201310347987843,
        0.0019306767874265158,
        0.0019412418624477825,
        0.0019518246980423058,
        0.0019624237939875645,
        0.0019730377095613216,
        0.0019836650614901497,
        0.0019943045219423627,
        0.002004954816577179,
        0.002015614722639258,
        0.002026283067109289,
        0.002036958724908368,
        0.0020476406171435527,
        0.002058327709422423,
        0.002069019010203651,
        0.002079713569208508,
        0.0020904104758808517,
        0.0021011088578938553,
        0.002111807879712053,
        0.0021225067411956545,
        0.0021332046762579508,
        0.0021439009515630035,
        0.0021545948652751125,
        0.002165285745844976,
        0.002175972950850184,
        0.002186655865862921,
        0.0021973339033727144,
        0.002208006501735319,
        0.0022186731241759963,
        0.00222933325781283,
        0.002239986412730437,
        0.0022506321210759737
    ],
    "Check_Prop": {
        "isSymmetry": true,
        "isTriangIneq": false,
        "isPSD": true
    }
}