{
    "Accuracy": [
        0.976897689768977,
        0.976897689768977,
        0.976897689768977,
        0.976897689768977,
        0.976897689768977,
        0.976897689768977,
        0.976897689768977,
        0.976897689768977,
        0.976897689768977,
        0.976897689768977,
        0.976897689768977,
        0.976897689768977,
        0.976897689768977,
        0.976897689768977,
        0.976897689768977,
        0.976897689768977,
        0.976897689768977,
        0.976897689768977,
        0.976897689768977,
        0.976897689768977,
        0.976897689768977,
        0.976897689768977,
        0.976897689768977,
        0.976897689768977,
        0.976897689768977,
        0.976897689768977,
        0.976897689768977,
        0.976897689768977,
        0.976897689768977,
        0.976897689768977,
        0.976897689768977,
        0.976897689768977,
        0.976897689768977,
        0.976897689768977,
        0.976897689768977,
        0.976897689768977,
        0.976897689768977,
        0.976897689768977,
        0.976897689768977,
        0.976897689768977,
        0.976897689768977,
        0.976897689768977,
        0.976897689768977,
        0.976897689768977,
        0.976897689768977,
        0.976897689768977,
        0.976897689768977,
        0.976897689768977,
        0.976897689768977,
        0.976897689768977,
        0.976897689768977,
        0.976897689768977,
        0.976897689768977,
        0.976897689768977,
        0.976897689768977,
        0.976897689768977,
        0.976897689768977,
        0.976897689768977,
        0.976897689768977,
        0.976897689768977,
        0.976897689768977,
        0.976897689768977,
        0.976897689768977,
        0.976897689768977,
        0.976897689768977,
        0.976897689768977,
        0.976897689768977,
        0.976897689768977,
        0.976897689768977,
        0.976897689768977,
        0.976897689768977,
        0.976897689768977,
        0.976897689768977,
        0.976897689768977,
        0.976897689768977,
        0.976897689768977,
        0.976897689768977,
        0.976897689768977,
        0.976897689768977,
        0.976897689768977,
        0.976897689768977,
        0.976897689768977,
        0.976897689768977,
        0.976897689768977,
        0.976897689768977,
        0.976897689768977,
        0.976897689768977,
        0.976897689768977,
        0.976897689768977,
        0.976897689768977,
        0.976897689768977,
        0.976897689768977,
        0.976897689768977,
        0.976897689768977,
        0.976897689768977,
        0.976897689768977,
        0.976897689768977,
        0.976897689768977,
        0.976897689768977,
        0.976897689768977
    ],
    "Normalized_Mutual_Info": [
        0.0008134447542523814,
        0.0008134447542523814,
        0.0008134447542523814,
        0.0008134447542523814,
        0.0008134447542523814,
        0.0008134447542523814,
        0.0008134447542523814,
        0.0008134447542523814,
        0.0008134447542523814,
        0.0008134447542523814,
        0.0008134447542523814,
        0.0008134447542523814,
        0.0008134447542523814,
        0.0008134447542523814,
        0.0008134447542523814,
        0.0008134447542523814,
        0.0008134447542523814,
        0.0008134447542523814,
        0.0008134447542523814,
        0.0008134447542523814,
        0.0008134447542523814,
        0.0008134447542523814,
        0.0008134447542523814,
        0.0008134447542523814,
        0.0008134447542523814,
        0.0008134447542523814,
        0.0008134447542523814,
        0.0008134447542523814,
        0.0008134447542523814,
        0.0008134447542523814,
        0.0008134447542523814,
        0.0008134447542523814,
        0.0008134447542523814,
        0.0008134447542523814,
        0.0008134447542523814,
        0.0008134447542523814,
        0.0008134447542523814,
        0.0008134447542523814,
        0.0008134447542523814,
        0.0008134447542523814,
        0.0008134447542523814,
        0.0008134447542523814,
        0.0008134447542523814,
        0.0008134447542523814,
        0.0008134447542523814,
        0.0008134447542523814,
        0.0008134447542523814,
        0.0008134447542523814,
        0.0008134447542523814,
        0.0008134447542523814,
        0.0008134447542523814,
        0.0008134447542523814,
        0.0008134447542523814,
        0.0008134447542523814,
        0.0008134447542523814,
        0.0008134447542523814,
        0.0008134447542523814,
        0.0008134447542523814,
        0.0008134447542523814,
        0.0008134447542523814,
        0.0008134447542523814,
        0.0008134447542523814,
        0.0008134447542523814,
        0.0008134447542523814,
        0.0008134447542523814,
        0.0008134447542523814,
        0.0008134447542523814,
        0.0008134447542523814,
        0.0008134447542523814,
        0.0008134447542523814,
        0.0008134447542523814,
        0.0008134447542523814,
        0.0008134447542523814,
        0.0008134447542523814,
        0.0008134447542523814,
        0.0008134447542523814,
        0.0008134447542523814,
        0.0008134447542523814,
        0.0008134447542523814,
        0.0008134447542523814,
        0.0008134447542523814,
        0.0008134447542523814,
        0.0008134447542523814,
        0.0008134447542523814,
        0.0008134447542523814,
        0.0008134447542523814,
        0.0008134447542523814,
        0.0008134447542523814,
        0.0008134447542523814,
        0.0008134447542523814,
        0.0008134447542523814,
        0.0008134447542523814,
        0.0008134447542523814,
        0.0008134447542523814,
        0.0008134447542523814,
        0.0008134447542523814,
        0.0008134447542523814,
        0.0008134447542523814,
        0.0008134447542523814,
        0.0008134447542523814
    ],
    "Weights": [
        [
            0.301614818212808,
            0.2431332783233072,
            0.19263452246140372,
            0.2626173810024811
        ],
        [
            0.3016117654398723,
            0.24316037225152667,
            0.1926716652900083,
            0.2625561970185927
        ],
        [
            0.30160871376403553,
            0.24318745644301779,
            0.19270879477060868,
            0.2624950350223381
        ],
        [
            0.301605663185019,
            0.24321453090025288,
            0.1927459109065943,
            0.2624338950081339
        ],
        [
            0.30160261370254265,
            0.24324159562571787,
            0.19278301370137307,
            0.2623727769703664
        ],
        [
            0.3015995653163243,
            0.24326865062191633,
            0.19282010315837714,
            0.2623116809033821
        ],
        [
            0.3015965180260809,
            0.2432956958913616,
            0.19285717928105195,
            0.2622506068015055
        ],
        [
            0.30159347183152696,
            0.2433227314365866,
            0.19289424207286993,
            0.2621895546590166
        ],
        [
            0.301590426732376,
            0.24334975726013214,
            0.1929312915373143,
            0.2621285244701774
        ],
        [
            0.3015873827283406,
            0.24337677336455132,
            0.19296832767788502,
            0.2620675162292231
        ],
        [
            0.3015843398191308,
            0.24340377975241587,
            0.1930053504981077,
            0.2620065299303457
        ],
        [
            0.30158129800445554,
            0.2434307764263088,
            0.19304236000152336,
            0.2619455655677123
        ],
        [
            0.30157825728402204,
            0.24345776338882935,
            0.19307935619169525,
            0.26188462313545335
        ],
        [
            0.30157521765753637,
            0.2434847406425859,
            0.19311633907219922,
            0.2618237026276786
        ],
        [
            0.3015721791247029,
            0.24351170819020077,
            0.1931533086466302,
            0.26176280403846613
        ],
        [
            0.30156914168522353,
            0.24353866603432076,
            0.19319026491861666,
            0.26170192736183906
        ],
        [
            0.3015661053387999,
            0.2435656141775934,
            0.19322720789178807,
            0.2616410725918187
        ],
        [
            0.30156307008513217,
            0.24359255262267918,
            0.1932641375697917,
            0.26158023972239697
        ],
        [
            0.301560035923918,
            0.24361948137226136,
            0.193301053956306,
            0.26151942874751466
        ],
        [
            0.301557002854854,
            0.24364640042903238,
            0.19333795705502205,
            0.2614586396610916
        ],
        [
            0.30155397087763597,
            0.2436733097956919,
            0.19337484686964074,
            0.2613978724570315
        ],
        [
            0.30155093999195703,
            0.24370020947496293,
            0.19341172340389506,
            0.2613371271291849
        ],
        [
            0.3015479101975095,
            0.24372709946957766,
            0.19344858666153059,
            0.2612764036713823
        ],
        [
            0.30154488149398423,
            0.24375397978227778,
            0.19348543664630583,
            0.26121570207743217
        ],
        [
            0.3015418538810707,
            0.24378085041581982,
            0.19352227336199973,
            0.26115502234110977
        ],
        [
            0.3015388273584564,
            0.24380771137297727,
            0.19355909681241443,
            0.261094364456152
        ],
        [
            0.3015358019258275,
            0.2438345626565349,
            0.19359590700136756,
            0.26103372841627015
        ],
        [
            0.30153277758286956,
            0.2438614042692826,
            0.19363270393268384,
            0.2609731142151639
        ],
        [
            0.3015297543292655,
            0.24388823621403605,
            0.19366948761022312,
            0.26091252184647534
        ],
        [
            0.3015267321646976,
            0.24391505849361345,
            0.19370625803784897,
            0.2608519513038401
        ],
        [
            0.30152371108884596,
            0.24394187111085394,
            0.1937430152194535,
            0.2607914025808466
        ],
        [
            0.3015206911013899,
            0.24396867406860395,
            0.19377975915893886,
            0.26073087567106734
        ],
        [
            0.3015176722020072,
            0.24399546736972216,
            0.19381648986022404,
            0.2606703705680465
        ],
        [
            0.30151465439037417,
            0.24402225101708253,
            0.19385320732724887,
            0.2606098872652945
        ],
        [
            0.30151163766616473,
            0.24404902501357748,
            0.1938899115639786,
            0.26054942575627915
        ],
        [
            0.30150862202905304,
            0.24407578936209995,
            0.19392660257437913,
            0.2604889860344679
        ],
        [
            0.30150560747871147,
            0.24410254406555632,
            0.1939632803624348,
            0.2604285680932974
        ],
        [
            0.30150259401481017,
            0.24412928912687473,
            0.19399994493215977,
            0.26036817192615536
        ],
        [
            0.30149958163701873,
            0.24415602454898688,
            0.1940365962875731,
            0.2603077975264213
        ],
        [
            0.3014965703450043,
            0.24418275033484665,
            0.19407323443272426,
            0.2602474448874247
        ],
        [
            0.301493560138433,
            0.24420946648741843,
            0.19410985937167705,
            0.26018711400247146
        ],
        [
            0.30149055101697086,
            0.2442361730096649,
            0.1941464711084931,
            0.2601268048648712
        ],
        [
            0.3014875429802815,
            0.2442628699045705,
            0.19418306964726365,
            0.2600665174678843
        ],
        [
            0.3014845360280267,
            0.24428955717513842,
            0.1942196549921058,
            0.2600062518047291
        ],
        [
            0.30148153015986745,
            0.24431623482437625,
            0.19425622714714266,
            0.25994600786861366
        ],
        [
            0.30147852537546327,
            0.24434290285530574,
            0.1942927861165167,
            0.25988578565271425
        ],
        [
            0.301475521674472,
            0.24436956127096368,
            0.19432933190439106,
            0.2598255851501733
        ],
        [
            0.30147251905655076,
            0.24439621007439336,
            0.1943658645149377,
            0.25976540635411827
        ],
        [
            0.3014695175213554,
            0.2444228492686479,
            0.19440238395234222,
            0.25970524925765454
        ],
        [
            0.30146651706853966,
            0.24444947885680104,
            0.19443889022081834,
            0.25964511385384087
        ],
        [
            0.30146351769775587,
            0.2444760988419386,
            0.19447538332459638,
            0.2595850001357091
        ],
        [
            0.30146051940865676,
            0.24450270922714176,
            0.19451186326790032,
            0.25952490809630124
        ],
        [
            0.3014575222008914,
            0.24452931001552475,
            0.1945483300549994,
            0.2594648377285845
        ],
        [
            0.30145452607410905,
            0.24455590121020054,
            0.19458478369016124,
            0.2594047890255292
        ],
        [
            0.30145153102795685,
            0.24458248281430037,
            0.1946212241776784,
            0.2593447619800644
        ],
        [
            0.3014485370620809,
            0.2446090548309651,
            0.1946576515218567,
            0.25928475658509725
        ],
        [
            0.3014455441761264,
            0.2446356172633439,
            0.1946940657270133,
            0.2592247728335163
        ],
        [
            0.3014425523697375,
            0.2446621701145946,
            0.1947304667974772,
            0.25916481071819064
        ],
        [
            0.3014395616425557,
            0.2446887133878987,
            0.1947668547376099,
            0.2591048702319357
        ],
        [
            0.3014365719942221,
            0.24471524708644107,
            0.19480322955177762,
            0.2590449513675591
        ],
        [
            0.3014335834243763,
            0.24474177121342047,
            0.1948395912443654,
            0.25898505411783784
        ],
        [
            0.30143059593265725,
            0.2447682857720408,
            0.19487593981976553,
            0.25892517847553637
        ],
        [
            0.3014276095187016,
            0.24479479076552701,
            0.19491227528239904,
            0.2588653244333724
        ],
        [
            0.301424624182145,
            0.24482128619711205,
            0.19494859763669795,
            0.25880549198404496
        ],
        [
            0.3014216399226226,
            0.244847772070034,
            0.19498490688710132,
            0.258745681120242
        ],
        [
            0.3014186567397675,
            0.24487424838754998,
            0.19502120303807435,
            0.25868589183460816
        ],
        [
            0.30141567463321184,
            0.24490071515292308,
            0.19505748609409035,
            0.2586261241197748
        ],
        [
            0.30141269360258627,
            0.24492717236943162,
            0.19509375605964357,
            0.2585663779683386
        ],
        [
            0.30140971364752045,
            0.24495362004036256,
            0.1951300129392401,
            0.2585066533728769
        ],
        [
            0.30140673476764296,
            0.2449800581690124,
            0.19516625673739904,
            0.25844695032594567
        ],
        [
            0.30140375696258115,
            0.2450064867586879,
            0.1952024874586537,
            0.25838726882007734
        ],
        [
            0.30140078023196104,
            0.24503290581270767,
            0.19523870510755342,
            0.25832760884777795
        ],
        [
            0.3013978045754058,
            0.2450593153344158,
            0.19527490968868266,
            0.25826797040149563
        ],
        [
            0.3013948299925406,
            0.24508571532714007,
            0.19531110120660344,
            0.25820835347371573
        ],
        [
            0.3013918564829861,
            0.24511210579424633,
            0.19534727966592996,
            0.2581487580568376
        ],
        [
            0.30138888404636455,
            0.24513848673908664,
            0.19538344507125757,
            0.2580891841432913
        ],
        [
            0.3013859126822956,
            0.24516485816503675,
            0.19541959742721404,
            0.2580296317254536
        ],
        [
            0.3013829423903969,
            0.2451912200754894,
            0.1954557367384505,
            0.2579701007956632
        ],
        [
            0.3013799731702863,
            0.2452175724738367,
            0.19549186300961705,
            0.25791059134625993
        ],
        [
            0.3013770050215806,
            0.2452439153634793,
            0.19552797624537577,
            0.2578511033695643
        ],
        [
            0.30137403794389395,
            0.2452702487478415,
            0.19556407645042093,
            0.2577916368578436
        ],
        [
            0.30137107193684093,
            0.24529657263034338,
            0.1956001636294411,
            0.2577321918033746
        ],
        [
            0.3013681070000342,
            0.2453228870144232,
            0.1956362377871498,
            0.25767276819839285
        ],
        [
            0.30136514313308443,
            0.2453491919035351,
            0.19567229892828225,
            0.2576133660350981
        ],
        [
            0.30136218033560264,
            0.2453754873011324,
            0.19570834705757256,
            0.2575539853056923
        ],
        [
            0.30135921860719783,
            0.24540177321068496,
            0.1957443821797776,
            0.25749462600233963
        ],
        [
            0.30135625794747833,
            0.24542804963566678,
            0.19578040429965982,
            0.25743528811719496
        ],
        [
            0.3013532983560504,
            0.24545431657957423,
            0.19581641342201236,
            0.2573759716423629
        ],
        [
            0.30135033983251996,
            0.24548057404590465,
            0.19585240955162975,
            0.2573166765699457
        ],
        [
            0.3013473823764916,
            0.2455068220381658,
            0.19588839269332073,
            0.2572574028920218
        ],
        [
            0.3013444259875691,
            0.24553306055987534,
            0.19592436285190762,
            0.2571981506006479
        ],
        [
            0.3013414706653543,
            0.24555928961456583,
            0.19596032003223318,
            0.25713891968784663
        ],
        [
            0.3013385164094483,
            0.24558550920577857,
            0.19599626423915217,
            0.2570797101456209
        ],
        [
            0.3013355632194513,
            0.24561171933706097,
            0.1960321954775277,
            0.25702052196596015
        ],
        [
            0.30133261109496234,
            0.24563792001197077,
            0.1960681137522371,
            0.25696135514082974
        ],
        [
            0.30132966003557926,
            0.2456641112340784,
            0.19610401906817493,
            0.2569022096621675
        ],
        [
            0.3013267100408985,
            0.24569029300696418,
            0.19613991143024959,
            0.2568430855218877
        ],
        [
            0.30132376111051573,
            0.245716465334217,
            0.19617579084338094,
            0.2567839827118863
        ],
        [
            0.3013208132440256,
            0.2457426282194339,
            0.19621165731250015,
            0.25672490122404035
        ],
        [
            0.3013178664410213,
            0.2457687816662255,
            0.1962475108425571,
            0.2566658410501961
        ]
    ],
    "Gap": [
        0.003066630611628204,
        0.0030671273550411165,
        0.003067624487968092,
        0.0030681220089548455,
        0.0030686199165581825,
        0.0030691182093341885,
        0.003069616885845526,
        0.0030701159446548075,
        0.0030706153843327905,
        0.0030711152034509025,
        0.003071615400585965,
        0.0030721159743190927,
        0.003072616923229573,
        0.0030731182459066302,
        0.0030736199409417404,
        0.0030741220069279355,
        0.003074624442462542,
        0.0030751272461503336,
        0.003075630416591422,
        0.0030761339523988126,
        0.0030766378521845782,
        0.0030771421145619053,
        0.003077646738153373,
        0.003078151721580614,
        0.003078657063470923,
        0.003079162762456541,
        0.0030796688171676667,
        0.003080175226245566,
        0.003080681988329453,
        0.0030811891020639573,
        0.003081696566098895,
        0.0030822043790840695,
        0.0030827125396765084,
        0.0030832210465352584,
        0.0030837298983218404,
        0.003084239093702289,
        0.0030847486313491813,
        0.0030852585099307777,
        0.003085768728126871,
        0.0030862792846166618,
        0.0030867901780847777,
        0.003087301407218314,
        0.0030878129707072955,
        0.0030883248672451207,
        0.003088837095531061,
        0.003089349654265617,
        0.003089862542152893,
        0.003090375757901622,
        0.0030908893002234566,
        0.003091403167832864,
        0.00309191735944883,
        0.0030924318737930384,
        0.003092946709591671,
        0.003093461865572274,
        0.0030939773404667728,
        0.0030944931330138797,
        0.0030950092419500257,
        0.0030955256660186417,
        0.0030960424039639294,
        0.00309655945453688,
        0.0030970768164913943,
        0.003097594488580928,
        0.0030981124695661387,
        0.0030986307582117614,
        0.0030991493532804807,
        0.003099668253544117,
        0.003100187457775846,
        0.003100706964750865,
        0.0031012267732506934,
        0.0031017468820567218,
        0.003102267289955304,
        0.0031027879957382146,
        0.003103308998194266,
        0.0031038302961256246,
        0.003104351888327179,
        0.0031048737736055925,
        0.0031053959507638808,
        0.00310591841861365,
        0.003106441175967398,
        0.0031069642216416827,
        0.0031074875544544033,
        0.0031080111732306953,
        0.003108535076794764,
        0.0031090592639762406,
        0.003109583733608817,
        0.003110108484526398,
        0.003110633515570566,
        0.0031111588255806257,
        0.003111684413404024,
        0.0031122102778888654,
        0.0031127364178889084,
        0.0031132628322563024,
        0.003113789519850888,
        0.0031143164795345273,
        0.003114843710171786,
        0.003115371210630829,
        0.0031158989797818643,
        0.003116427016500273,
        0.0031169553196643794,
        0.0031174838881540697
    ],
    "Check_Prop": {
        "isSymmetry": true,
        "isTriangIneq": true,
        "isPSD": true
    }
}