{
    "Accuracy": [
        0.6329787234042553,
        0.6170212765957447,
        0.6170212765957447,
        0.6223404255319149,
        0.6329787234042553,
        0.6117021276595744,
        0.6063829787234043,
        0.5904255319148937,
        0.5797872340425532,
        0.5904255319148937,
        0.5212765957446809,
        0.5691489361702128,
        0.526595744680851,
        0.5053191489361702,
        0.5053191489361702,
        0.5691489361702128,
        0.6382978723404256,
        0.6382978723404256,
        0.6436170212765957,
        0.6436170212765957,
        0.6436170212765957,
        0.6436170212765957,
        0.6382978723404256,
        0.6117021276595744,
        0.5,
        0.5957446808510638,
        0.6702127659574468,
        0.648936170212766,
        0.6436170212765957,
        0.6170212765957447,
        0.7021276595744681,
        0.7712765957446809,
        0.6702127659574468,
        0.6702127659574468,
        0.648936170212766,
        0.6382978723404256,
        0.7553191489361702,
        0.7872340425531915,
        0.8085106382978723,
        0.8085106382978723,
        0.8138297872340425,
        0.8138297872340425,
        0.8191489361702128,
        0.8191489361702128,
        0.8191489361702128,
        0.8723404255319149,
        0.6436170212765957,
        0.6117021276595744,
        0.6063829787234043,
        0.6223404255319149,
        0.6276595744680851,
        0.6382978723404256,
        0.6382978723404256,
        0.6329787234042553,
        0.6276595744680851,
        0.675531914893617,
        0.7021276595744681,
        0.6436170212765957,
        0.6276595744680851,
        0.6382978723404256,
        0.5212765957446809,
        0.5531914893617021,
        0.5957446808510638,
        0.7127659574468085,
        0.7180851063829787,
        0.7180851063829787,
        0.7074468085106383,
        0.675531914893617,
        0.6329787234042553,
        0.6382978723404256,
        0.648936170212766,
        0.6063829787234043,
        0.601063829787234,
        0.5691489361702128,
        0.5691489361702128,
        0.5531914893617021,
        0.5319148936170213,
        0.5212765957446809,
        0.5478723404255319,
        0.5425531914893617,
        0.5425531914893617,
        0.5638297872340425,
        0.574468085106383,
        0.574468085106383,
        0.5638297872340425,
        0.5638297872340425,
        0.5531914893617021,
        0.5106382978723404,
        0.5212765957446809,
        0.5372340425531915,
        0.5478723404255319,
        0.7127659574468085,
        0.7340425531914894,
        0.7180851063829787,
        0.7127659574468085,
        0.7127659574468085,
        0.6968085106382979,
        0.7021276595744681,
        0.6968085106382979,
        0.7021276595744681
    ],
    "Normalized_Mutual_Info": [
        0.1667427545533293,
        0.1637109895803652,
        0.1637109895803652,
        0.1703973719177008,
        0.1667427545533293,
        0.1924449707834034,
        0.1854094722028545,
        0.18320323401970473,
        0.1703354160453363,
        0.13355339711430678,
        0.20561969655089807,
        0.060238071659121394,
        0.045895489395172254,
        0.048432458479123495,
        0.1761096515621079,
        0.17535270896623112,
        0.12505426545567003,
        0.12505426545567003,
        0.11628444307182326,
        0.11628444307182326,
        0.11628444307182326,
        0.11628444307182326,
        0.12505426545567003,
        0.1924449707834034,
        0.17059843643219355,
        0.1039971803132575,
        0.0683095760810444,
        0.03787185614862783,
        0.0320272772856314,
        0.02153458873367232,
        0.06206899000346909,
        0.003635377061318942,
        0.10257309902869623,
        0.10257309902869623,
        0.10784800998618907,
        0.09734274463724,
        0.08737371961034919,
        0.07018621766620826,
        0.06822485992561525,
        0.06822485992561525,
        0.0749180082620982,
        0.0749180082620982,
        0.08220519790152797,
        0.09851039371239637,
        0.09851039371239637,
        0.12768136335041264,
        0.08491841970871054,
        0.012447263676383847,
        0.10666669079654059,
        0.10849480009247926,
        0.11380436518446853,
        0.09734274463724,
        0.09734274463724,
        0.10540455141501923,
        0.10027818064622178,
        0.09468962278999478,
        0.17632032021850705,
        0.14670344343117075,
        0.15999007054263295,
        0.09734274463724,
        0.06827058245913206,
        0.06447045606264043,
        0.029022768369033575,
        0.038579733208956746,
        0.033539629134968,
        0.04210879092834325,
        0.04391757540926036,
        0.025569662601125802,
        0.009933724350988982,
        0.007477311289961947,
        0.010206538212200337,
        0.004145585311738135,
        0.003305089232208292,
        0.00028709621353487146,
        0.00028709621353487146,
        0.0002805529548684807,
        9.194424001494601e-05,
        0.0005148127259769577,
        0.000852791228642714,
        0.001278343906515658,
        0.001278343906515658,
        0.0008555765539030754,
        0.0012916896425203997,
        0.0012916896425203997,
        0.002408636378143169,
        0.002408636378143169,
        0.003862976044296355,
        0.008944578632227928,
        0.017954274403787888,
        0.023713442695531915,
        0.02805035498936166,
        0.08081044193382016,
        0.10453788651515478,
        0.09982908810322498,
        0.10790541869359577,
        0.10790541869359577,
        0.0902118342693552,
        0.09581310375654178,
        0.0902118342693552,
        0.070742715224472
    ],
    "Weights": [
        [
            0.2509157583237893,
            0.24910084799041424,
            0.25091967705748863,
            0.24906371662830767
        ],
        [
            0.25178452796983863,
            0.2482464128735597,
            0.251793027215245,
            0.2481760319413566
        ],
        [
            0.2526314327327771,
            0.24741571078853558,
            0.25264547439810825,
            0.24730738208057912
        ],
        [
            0.2534574397163748,
            0.2466189232725773,
            0.2534782607156026,
            0.24644537629544533
        ],
        [
            0.2543454070960962,
            0.2457617595426579,
            0.2543701936561795,
            0.2455226397050663
        ],
        [
            0.25529001662708817,
            0.24483511763071286,
            0.25531651929972565,
            0.24455834644247335
        ],
        [
            0.2562301247662976,
            0.243932375226011,
            0.25625836396294455,
            0.24357913604474687
        ],
        [
            0.25715827401699637,
            0.2430461296827408,
            0.2571892380135371,
            0.2426063582867257
        ],
        [
            0.2579696347400483,
            0.24229630958512352,
            0.25800949891318564,
            0.24172455676164248
        ],
        [
            0.25899820692519687,
            0.24129631099830723,
            0.25903718927406727,
            0.2406682928024286
        ],
        [
            0.25995863548160847,
            0.2403762252924427,
            0.26000067451107356,
            0.23966446471487526
        ],
        [
            0.2608618558623931,
            0.23952955484378957,
            0.2609090434479989,
            0.23869954584581843
        ],
        [
            0.26174362211769175,
            0.23871160482214118,
            0.2617963355450543,
            0.23774843751511276
        ],
        [
            0.2626484997910958,
            0.2378603334535343,
            0.2627062830435461,
            0.23678488371182377
        ],
        [
            0.2636337213968718,
            0.23690853471256054,
            0.26369382470364533,
            0.23576391918692233
        ],
        [
            0.26473961100530213,
            0.2358117066888211,
            0.2647974154620402,
            0.2346512668438366
        ],
        [
            0.2657752000072072,
            0.2348004770571511,
            0.2658349174126544,
            0.23358940552298715
        ],
        [
            0.2668359911558726,
            0.2337593310049158,
            0.26689730857097055,
            0.23250736926824114
        ],
        [
            0.26790344888126927,
            0.2327127997041026,
            0.267966797321059,
            0.23141695409356908
        ],
        [
            0.26898488479933563,
            0.2316584500592928,
            0.26905018128456476,
            0.2303064838568068
        ],
        [
            0.27007933213131347,
            0.23059842388837104,
            0.2701464872787615,
            0.229175756701554
        ],
        [
            0.2711875273612556,
            0.22952728505765407,
            0.27125650677199836,
            0.22802868080909192
        ],
        [
            0.27231155651493133,
            0.228438170633524,
            0.27238229992742463,
            0.22686797292412003
        ],
        [
            0.27357664683277055,
            0.22717900956874512,
            0.2736432640833782,
            0.22560107951510602
        ],
        [
            0.2747496877016946,
            0.22603070547800788,
            0.27481726206451634,
            0.22440234475578108
        ],
        [
            0.27591035151312404,
            0.22490326853180015,
            0.2759803187825115,
            0.22320606117256436
        ],
        [
            0.27705419655355035,
            0.22379743129091917,
            0.27712675168962286,
            0.22202162046590765
        ],
        [
            0.2781814544292326,
            0.22270504624765844,
            0.2782563346214826,
            0.22085716470162634
        ],
        [
            0.2793078974427573,
            0.2216092240932264,
            0.2793851988685673,
            0.21969767959544895
        ],
        [
            0.28044478320571026,
            0.22050134315605052,
            0.28052512817256403,
            0.21852874546567524
        ],
        [
            0.28159954978686175,
            0.21937493380296483,
            0.2816835915900082,
            0.21734192482016518
        ],
        [
            0.2829147049694257,
            0.2180580206968611,
            0.2829961615964977,
            0.21603111273721545
        ],
        [
            0.2841434057897348,
            0.21684833113112387,
            0.28422765992621657,
            0.2147806031529248
        ],
        [
            0.2854319544769287,
            0.21557012494647498,
            0.2855173443879107,
            0.21348057618868566
        ],
        [
            0.28673759506330265,
            0.21427369035294547,
            0.2868243273934876,
            0.2121643871902642
        ],
        [
            0.28805934716416776,
            0.21295956910483801,
            0.2881475881265459,
            0.21083349560444828
        ],
        [
            0.28939760389285474,
            0.21162682054231,
            0.28948741943522294,
            0.2094881561296124
        ],
        [
            0.29075240617515385,
            0.21027511830311224,
            0.2908437688494792,
            0.20812870667225475
        ],
        [
            0.2921235362875542,
            0.20890461884696088,
            0.29221632929369334,
            0.20675551557179145
        ],
        [
            0.2935106296369119,
            0.20751575816073992,
            0.2936046518460249,
            0.20536896035632335
        ],
        [
            0.2949132540568471,
            0.20610908435054714,
            0.29500822908723834,
            0.2039694325053675
        ],
        [
            0.2963309017372965,
            0.20468521563905354,
            0.29642649334783416,
            0.2025573892758158
        ],
        [
            0.29776297733002977,
            0.20324483047652234,
            0.2978588087563576,
            0.20113338343709028
        ],
        [
            0.299208744996146,
            0.20178872648913362,
            0.29930442296229304,
            0.19969810555242726
        ],
        [
            0.30066711780359384,
            0.20031808312438473,
            0.30076226290226393,
            0.19825253616975738
        ],
        [
            0.30213565785348334,
            0.19883568026513,
            0.30222997211664143,
            0.19679868976474527
        ],
        [
            0.3036010923296837,
            0.1973572772850217,
            0.3036948508549993,
            0.19534677953029533
        ],
        [
            0.305055363475395,
            0.1958936495332282,
            0.3051493504807066,
            0.19390163651067008
        ],
        [
            0.306519148697237,
            0.19442148069167048,
            0.30661365614428965,
            0.19244571446680284
        ],
        [
            0.3080124607792645,
            0.192917162700305,
            0.30810732427211207,
            0.19096305224831847
        ],
        [
            0.30952605790455984,
            0.19139516466345335,
            0.3096218690073547,
            0.1894569084246321
        ],
        [
            0.3110534361612214,
            0.18986673446585675,
            0.31115108108062517,
            0.1879287482922967
        ],
        [
            0.3125939861989664,
            0.18833333476869943,
            0.3126942305588599,
            0.18637844847347435
        ],
        [
            0.3141443050772622,
            0.18679749064690576,
            0.3142479547667892,
            0.18481024950904276
        ],
        [
            0.31569714132393073,
            0.1852660077364405,
            0.3158052610013784,
            0.18323158993825037
        ],
        [
            0.31725418480035295,
            0.18373535191383952,
            0.3173676260421092,
            0.1816428372436984
        ],
        [
            0.31880101717904763,
            0.18222233407052207,
            0.3189211858065739,
            0.18005546294385633
        ],
        [
            0.32015737822011814,
            0.18094752331664396,
            0.320294555592151,
            0.17860054287108695
        ],
        [
            0.321812923886881,
            0.17930458161231339,
            0.3219519251859001,
            0.1769305693149056
        ],
        [
            0.32358297294605276,
            0.17752648645564356,
            0.32371807141346653,
            0.1751724691848371
        ],
        [
            0.32536117612945403,
            0.1757403581546614,
            0.3254917165333514,
            0.17340674918253313
        ],
        [
            0.3271266640439722,
            0.17396958337944576,
            0.32725286032321194,
            0.17165089225337
        ],
        [
            0.32887141483822385,
            0.17222238893520392,
            0.32899379530189743,
            0.1699124009246749
        ],
        [
            0.33058577657032345,
            0.17050881133961637,
            0.3307052758101744,
            0.16820013627988561
        ],
        [
            0.332275351154135,
            0.16882135685947008,
            0.3323925412370276,
            0.16651075074936728
        ],
        [
            0.3339497258470191,
            0.16714823133902038,
            0.3340645663704147,
            0.1648374764435459
        ],
        [
            0.33561396703472557,
            0.16548306207996333,
            0.335725975178218,
            0.16317699570709301
        ],
        [
            0.33726959173298365,
            0.16382365269480093,
            0.3373779746660261,
            0.16152878090618938
        ],
        [
            0.33891645268080317,
            0.1621697285034943,
            0.33902015681192643,
            0.15989366200377608
        ],
        [
            0.3405533984447784,
            0.16052209000913986,
            0.34065113713963135,
            0.15827337440645034
        ],
        [
            0.3421786882470158,
            0.1588820639018817,
            0.3422689615204626,
            0.15667028633064
        ],
        [
            0.34378996009322604,
            0.1572514722450936,
            0.34387108776856,
            0.15508747989312033
        ],
        [
            0.3453842845099353,
            0.15563254327709683,
            0.34545444295425387,
            0.15352872925871403
        ],
        [
            0.3469581215841514,
            0.15402796437155614,
            0.34701538661708103,
            0.15199852742721143
        ],
        [
            0.3485075325175052,
            0.1524406952774637,
            0.34854991030265803,
            0.15050186190237314
        ],
        [
            0.35002802076473016,
            0.15087418092962523,
            0.35005348125395824,
            0.14904431705168641
        ],
        [
            0.35151449572081295,
            0.14933243035644728,
            0.3515210031641856,
            0.14763207075855425
        ],
        [
            0.35296224230403056,
            0.14781910620022612,
            0.35294774260238454,
            0.14627090889335875
        ],
        [
            0.3543653281890794,
            0.14633913253651332,
            0.35432779937730996,
            0.14496773989709727
        ],
        [
            0.35571888864213347,
            0.14489651137614612,
            0.35565630025654543,
            0.14372829972517503
        ],
        [
            0.3570188300514882,
            0.14349468123060208,
            0.35692911676657,
            0.14255737195133963
        ],
        [
            0.3582621191399584,
            0.14213629527929467,
            0.3581431449330154,
            0.14145844064773153
        ],
        [
            0.3594466862614166,
            0.14082336094041503,
            0.3592962135340067,
            0.14043373926416167
        ],
        [
            0.3605743828027404,
            0.13955455946450138,
            0.3603899381271519,
            0.13948111960560627
        ],
        [
            0.36164921039473924,
            0.1383269500825397,
            0.36142801736885943,
            0.13859582215386146
        ],
        [
            0.3626782680506586,
            0.1371351059069604,
            0.36241714742517483,
            0.13776947861720615
        ],
        [
            0.3636742709812193,
            0.13596885277868648,
            0.36336946256614244,
            0.13698741367395187
        ],
        [
            0.36465302636099417,
            0.13481549479970772,
            0.36430010404952584,
            0.13623137478977235
        ],
        [
            0.36563324209035314,
            0.13365988323738517,
            0.36522704368717734,
            0.13547983098508434
        ],
        [
            0.3666354218367863,
            0.1324852706947212,
            0.3661700243449618,
            0.1347092831235307
        ],
        [
            0.36768288507665453,
            0.13127230239490784,
            0.36715154976014547,
            0.13389326276829208
        ],
        [
            0.3687957881911567,
            0.13000423709005873,
            0.3681910937089014,
            0.13300888100988317
        ],
        [
            0.36999378350356105,
            0.12866453782429138,
            0.36930766116897606,
            0.1320340175031716
        ],
        [
            0.37129085082694663,
            0.12724141323273452,
            0.37051477116572334,
            0.13095296477459553
        ],
        [
            0.37269883140813476,
            0.12572465673972535,
            0.37182386323610406,
            0.12975264861603583
        ],
        [
            0.3742230040993267,
            0.1241095633761829,
            0.37324000638735616,
            0.12842742613713434
        ],
        [
            0.37586299099884013,
            0.12239615513972812,
            0.374762776547874,
            0.1269780773135578
        ],
        [
            0.37761547381896815,
            0.12058684211252259,
            0.37638889724901603,
            0.12540878681949325
        ],
        [
            0.3794722145570669,
            0.11868832284659074,
            0.37811033950761247,
            0.12372912308872987
        ],
        [
            0.3814224473829891,
            0.11670957847453817,
            0.3799166522979185,
            0.12195132184455441
        ]
    ],
    "Loss": [
        -5.238197291495278,
        -5.237995038133992,
        -5.2383091843660585,
        -5.2392118552226,
        -5.238969549895402,
        -5.237895898693908,
        -5.23752629090509,
        -5.238417373903388,
        -5.239763440089575,
        -5.239920316517412,
        -5.236541986123316,
        -5.2297225923273984,
        -5.228675940675982,
        -5.233486167646969,
        -5.238441552187758,
        -5.240510035907551,
        -5.239400878596664,
        -5.236160914322795,
        -5.232243179548029,
        -5.229147457861522,
        -5.228196177182863,
        -5.230164313110273,
        -5.234634356233067,
        -5.238352309304263,
        -5.230941631243715,
        -5.195437877873479,
        -5.14870333160462,
        -5.1323234885585105,
        -5.148519230258332,
        -5.183488648789348,
        -5.2182116053889205,
        -5.236127646777517,
        -5.237150974845122,
        -5.230343059587043,
        -5.2217003618825,
        -5.213637529194559,
        -5.206919266655239,
        -5.20168707385888,
        -5.197883236348545,
        -5.195425105378239,
        -5.194279378172392,
        -5.194501228087049,
        -5.19627268845948,
        -5.199970180848202,
        -5.206297925625264,
        -5.216451161904888,
        -5.230853713125928,
        -5.230038644854901,
        -5.149662239509502,
        -5.043800239637417,
        -4.972360982368743,
        -4.936203250528155,
        -4.927558149473314,
        -4.940196771277524,
        -4.961432109491246,
        -4.986739276405518,
        -5.041047330848259,
        -5.124725559046294,
        -5.159789845639024,
        -5.145838599626166,
        -5.128209528813577,
        -5.1030255397602255,
        -5.0739794758788435,
        -5.048298943533027,
        -5.029554086514034,
        -5.018138132094731,
        -5.012756412532951,
        -5.011202023033569,
        -5.010825216942573,
        -5.009115072615588,
        -5.00447172271458,
        -4.996762443915753,
        -4.987148316502061,
        -4.977277375902631,
        -4.96844880320624,
        -4.961285786733912,
        -4.955850840356863,
        -4.951952970563307,
        -4.949383608573092,
        -4.948052370869133,
        -4.948005508209829,
        -4.9493793122254734,
        -4.952314207219103,
        -4.9568438994487405,
        -4.962734851245239,
        -4.969281751088704,
        -4.975162104421826,
        -4.9785784518566185,
        -4.977912383095955,
        -4.972680266036521,
        -4.963927604645629,
        -4.953594058839872,
        -4.943452811835171,
        -4.934579304299306,
        -4.927390105839336,
        -4.921705565494708,
        -4.916688004866791,
        -4.911062513441752,
        -4.904161174208105,
        -4.896836119429959
    ],
    "Check_Prop": {
        "isSymmetry": false,
        "isTriangIneq": false,
        "isPSD": false
    }
}