{
    "Accuracy": [
        0.6382978723404256,
        0.6382978723404256,
        0.6382978723404256,
        0.6382978723404256,
        0.6382978723404256,
        0.6382978723404256,
        0.6382978723404256,
        0.6382978723404256,
        0.6382978723404256,
        0.6382978723404256,
        0.6382978723404256,
        0.6382978723404256,
        0.6382978723404256,
        0.6382978723404256,
        0.6382978723404256,
        0.6382978723404256,
        0.6382978723404256,
        0.6382978723404256,
        0.6382978723404256,
        0.6382978723404256,
        0.6382978723404256,
        0.6382978723404256,
        0.6382978723404256,
        0.6382978723404256,
        0.6382978723404256,
        0.6382978723404256,
        0.6382978723404256,
        0.6382978723404256,
        0.6382978723404256,
        0.6382978723404256,
        0.6382978723404256,
        0.6382978723404256,
        0.6382978723404256,
        0.6382978723404256,
        0.6382978723404256,
        0.6382978723404256,
        0.6382978723404256,
        0.6382978723404256,
        0.6382978723404256,
        0.6382978723404256,
        0.6382978723404256,
        0.6382978723404256,
        0.6382978723404256,
        0.6382978723404256,
        0.6382978723404256,
        0.6382978723404256,
        0.6382978723404256,
        0.6382978723404256,
        0.6382978723404256,
        0.6382978723404256,
        0.6382978723404256,
        0.6382978723404256,
        0.6382978723404256,
        0.6382978723404256,
        0.6382978723404256,
        0.6382978723404256,
        0.6382978723404256,
        0.6382978723404256,
        0.6382978723404256,
        0.6382978723404256,
        0.6382978723404256,
        0.6382978723404256,
        0.6382978723404256,
        0.6382978723404256,
        0.6382978723404256,
        0.6382978723404256,
        0.6382978723404256,
        0.6382978723404256,
        0.6382978723404256,
        0.6382978723404256,
        0.6382978723404256,
        0.6382978723404256,
        0.6382978723404256,
        0.6382978723404256,
        0.5797872340425532,
        0.5797872340425532,
        0.5797872340425532,
        0.5797872340425532,
        0.5797872340425532,
        0.5797872340425532,
        0.5797872340425532,
        0.5797872340425532,
        0.5797872340425532,
        0.5797872340425532,
        0.5797872340425532,
        0.5797872340425532,
        0.5797872340425532,
        0.5797872340425532,
        0.5797872340425532,
        0.5797872340425532,
        0.5797872340425532,
        0.5797872340425532,
        0.5797872340425532,
        0.5797872340425532,
        0.5797872340425532,
        0.5797872340425532,
        0.5797872340425532,
        0.5797872340425532,
        0.5797872340425532,
        0.5797872340425532
    ],
    "Normalized_Mutual_Info": [
        0.15653981564239614,
        0.15653981564239614,
        0.15653981564239614,
        0.15653981564239614,
        0.15653981564239614,
        0.15653981564239614,
        0.15653981564239614,
        0.15653981564239614,
        0.15653981564239614,
        0.15653981564239614,
        0.15653981564239614,
        0.15653981564239614,
        0.15653981564239614,
        0.15653981564239614,
        0.15653981564239614,
        0.15653981564239614,
        0.15653981564239614,
        0.15653981564239614,
        0.15653981564239614,
        0.15653981564239614,
        0.15653981564239614,
        0.15653981564239614,
        0.15653981564239614,
        0.15653981564239614,
        0.15653981564239614,
        0.15653981564239614,
        0.15653981564239614,
        0.15653981564239614,
        0.15653981564239614,
        0.15653981564239614,
        0.15653981564239614,
        0.15653981564239614,
        0.15653981564239614,
        0.15653981564239614,
        0.15653981564239614,
        0.15653981564239614,
        0.15653981564239614,
        0.15653981564239614,
        0.15653981564239614,
        0.15653981564239614,
        0.15653981564239614,
        0.15653981564239614,
        0.15653981564239614,
        0.15653981564239614,
        0.15653981564239614,
        0.15653981564239614,
        0.15653981564239614,
        0.15653981564239614,
        0.15653981564239614,
        0.15653981564239614,
        0.15653981564239614,
        0.15653981564239614,
        0.15653981564239614,
        0.15653981564239614,
        0.15653981564239614,
        0.15653981564239614,
        0.15653981564239614,
        0.15653981564239614,
        0.15653981564239614,
        0.15653981564239614,
        0.15653981564239614,
        0.15653981564239614,
        0.15653981564239614,
        0.15653981564239614,
        0.15653981564239614,
        0.15653981564239614,
        0.15653981564239614,
        0.15653981564239614,
        0.15653981564239614,
        0.15653981564239614,
        0.15653981564239614,
        0.15653981564239614,
        0.15653981564239614,
        0.15653981564239614,
        0.1703354160453363,
        0.1703354160453363,
        0.1703354160453363,
        0.1703354160453363,
        0.1703354160453363,
        0.1703354160453363,
        0.1703354160453363,
        0.1703354160453363,
        0.1703354160453363,
        0.1703354160453363,
        0.1703354160453363,
        0.1703354160453363,
        0.1703354160453363,
        0.1703354160453363,
        0.1703354160453363,
        0.1703354160453363,
        0.1703354160453363,
        0.1703354160453363,
        0.1703354160453363,
        0.1703354160453363,
        0.1703354160453363,
        0.1703354160453363,
        0.1703354160453363,
        0.1703354160453363,
        0.1703354160453363,
        0.1703354160453363
    ],
    "Weights": [
        [
            0.11645927883513758,
            0.12389599673669177,
            0.10790500381206773,
            0.10010839759289056,
            0.10130797124687616,
            0.12390715756976153,
            0.12194867851865711,
            0.08975566996021173,
            0.11471184572770596
        ],
        [
            0.11666604193739576,
            0.12330081112428004,
            0.10778947491579323,
            0.10066058879472838,
            0.10250035011435588,
            0.12331206539849124,
            0.12137778099829852,
            0.09007825391711796,
            0.11431463279953907
        ],
        [
            0.116871281206355,
            0.1227100416396962,
            0.10767480681403488,
            0.10120867907095536,
            0.10368386716344816,
            0.12272138856851743,
            0.12081111885816188,
            0.09039844839192383,
            0.11392036828690723
        ],
        [
            0.11707502709644522,
            0.12212360001202423,
            0.10756098229975214,
            0.10175275039377822,
            0.1048586995332775,
            0.12213503882469695,
            0.12024860744042262,
            0.09071630114419661,
            0.11352899325540636
        ],
        [
            0.11727730910279029,
            0.1215414007517827,
            0.1074479847082115,
            0.102292882152325,
            0.10602501878082304,
            0.12155293069282129,
            0.11969016475482476,
            0.0910318584287166,
            0.11314045062770485
        ],
        [
            0.11747815580207181,
            0.12096336103241183,
            0.10733579789387578,
            0.10282915126271007,
            0.10718299111878057,
            0.12097498136112503,
            0.11913571136502013,
            0.09134516505958952,
            0.11275468510441512
        ],
        [
            0.11767759489121307,
            0.12038940057808566,
            0.10722440620852733,
            0.10336163227222538,
            0.10833277764073014,
            0.12040111056811825,
            0.11858517028097387,
            0.09165626447093793,
            0.1123716430891884
        ],
        [
            0.11787565322402052,
            0.11981944155744634,
            0.10711379448054581,
            0.10389039745803051,
            0.10947453453441545,
            0.11983124049634004,
            0.11803846685704941,
            0.09196519877438825,
            0.11199127261776352
        ],
        [
            0.11807235684591365,
            0.11925340848288621,
            0.10700394799526836,
            0.10441551692069155,
            0.11060841328388978,
            0.11926529567165871,
            0.11749552869541413,
            0.09227200881355764,
            0.11161352329072004
        ],
        [
            0.11826773102686117,
            0.11869122811503023,
            0.1068948524763635,
            0.10493705867288879,
            0.11173456086122213,
            0.1187032028677715,
            0.11695628555443248,
            0.09257673421572683,
            0.1112383462097034
        ],
        [
            0.11846180029263535,
            0.11813282937209908,
            0.10678649406815742,
            0.1054550887235928,
            0.11285311990840906,
            0.11814489101558398,
            0.11642066926173986,
            0.09287941344087353,
            0.11086569391690894
        ],
        [
            0.1186545884544866,
            0.11757814324385306,
            0.10667885931885313,
            0.10596967115798533,
            0.11396422891009081,
            0.11759029111716951,
            0.1158886136317098,
            0.09318008382822726,
            0.1104955203376244
        ],
        [
            0.11884611863733438,
            0.11702710270984043,
            0.10657193516458943,
            0.10648086821338293,
            0.11506802235762874,
            0.11703933616403232,
            0.11536005438704931,
            0.0934787816404961,
            0.11012778072564648
        ],
        [
            0.1190364133065633,
            0.11647964266169024,
            0.10646570891428837,
            0.10698874035140382,
            0.11616463090506413,
            0.11649196105941434,
            0.11483492908427308,
            0.093775542105905,
            0.10976243161139766
        ],
        [
            0.11922549429350655,
            0.1159356998292146,
            0.10636016823524588,
            0.1074933463265977,
            0.11725418151743223,
            0.11594810254441076,
            0.1143131770428312,
            0.09407039945817414,
            0.10939943075258679
        ],
        [
            0.11941338281969441,
            0.11539521271009097,
            0.10625530113942036,
            0.10799474325174967,
            0.11833679761188966,
            0.11540769912766506,
            0.11379473927767027,
            0.09436338697455983,
            0.10903873708725974
        ],
        [
            0.11960009951993868,
            0.11485812150292136,
            0.10615109597037989,
            0.10849298666004845,
            0.11941259919206423,
            0.11487069101844022,
            0.11327955843503323,
            0.09465453701206902,
            0.10868031068910491
        ],
        [
            0.11978566446432073,
            0.11432436804347211,
            0.1060475413908697,
            0.10898813056430072,
            0.12048170297602163,
            0.11433702006287,
            0.11276757873130945,
            0.09494388104195334,
            0.10832411272488231
        ],
        [
            0.11997009717914531,
            0.1137938957439127,
            0.10594462637096458,
            0.10948022751335999,
            0.12154422251821208,
            0.11380662968320869,
            0.1122587458947611,
            0.09523144968258046,
            0.10797010541385497
        ],
        [
            0.12015341666691827,
            0.11326664953488584,
            0.10584234017677326,
            0.10996932864592615,
            0.12260026832573483,
            0.11327946481991165,
            0.11175300710996493,
            0.09551727273077412,
            0.10761825198911089
        ],
        [
            0.12033564142540265,
            0.1127425758102505,
            0.10574067235966415,
            0.11045548374186231,
            0.12364994796923733,
            0.11275547187638828,
            0.1112503109648174,
            0.09580137919170792,
            0.10726851666066946
        ],
        [
            0.12051678946580466,
            0.1122216223743486,
            0.10563961274598321,
            0.11093874127116818,
            0.12469336618874974,
            0.11223459866627818,
            0.11075060739996033,
            0.09608379730743405,
            0.10692086458027304
        ],
        [
            0.12069687833013643,
            0.11170373839165937,
            0.1055391514272374,
            0.11141914844073583,
            0.12573062499472692,
            0.11171679436311459,
            0.11025384766049634,
            0.09636455458412037,
            0.10657526180777269
        ],
        [
            0.1208759251078006,
            0.11118887433871043,
            0.10543927875071826,
            0.11189675123900958,
            0.12676182376456113,
            0.11120200945224415,
            0.10975998424986866,
            0.09664367781806661,
            0.10623167527902061
        ],
        [
            0.12105394645143884,
            0.11067698195812342,
            0.10533998531054167,
            0.11237159447866335,
            0.12778705933481024,
            0.11069019568488078,
            0.10926897088578805,
            0.09692119312056574,
            0.10589007277518787
        ],
        [
            0.12123095859208269,
            0.1101680142146839,
            0.10524126193908245,
            0.11284372183739845,
            0.12880642608936385,
            0.11018130603418345,
            0.10878076245810116,
            0.09719712594167056,
            0.10555042289343358
        ],
        [
            0.12140697735364415,
            0.10966192525332473,
            0.10514309969878195,
            0.11331317589696376,
            0.12982001604376797,
            0.10967529465324713,
            0.10829531498849397,
            0.09747150109292475,
            0.10521269501885172
        ],
        [
            0.12158201816678103,
            0.10915867035892392,
            0.10504548987430963,
            0.11377999818049105,
            0.13082791892590864,
            0.10917211683490792,
            0.10781258559193556,
            0.09774434276911259,
            0.1048768592976295
        ],
        [
            0.12175609608216792,
            0.10865820591782617,
            0.10494842396506074,
            0.11424422918822982,
            0.1318302222532363,
            0.10867172897327147,
            0.10733253243977477,
            0.09801567456907638,
            0.1045428866113565
        ],
        [
            0.12192922578320477,
            0.10816048938099378,
            0.10485189367797146,
            0.11470590843176795,
            0.13282701140671851,
            0.1081740885268705,
            0.10685511472439968,
            0.09828551951565165,
            0.10421074855242168
        ],
        [
            0.1221014215981909,
            0.10766547922871038,
            0.10475589092063732,
            0.11516507446681137,
            0.1338183697016781,
            0.1076791539833749,
            0.10638029262538633,
            0.09855390007476335,
            0.10388041740044732
        ],
        [
            0.12227269751199213,
            0.10717313493675268,
            0.10466040779471746,
            0.11562176492459961,
            0.1348043784556834,
            0.10718688482576955,
            0.10590802727705526,
            0.0988208381737271,
            0.1035518660997029
        ],
        [
            0.1224430671772251,
            0.1066834169439628,
            0.10456543658961212,
            0.11607601654202074,
            0.135785117053628,
            0.10669724149993247,
            0.10543828073737137,
            0.09908635521879296,
            0.10322506823745436
        ],
        [
            0.12261254392498445,
            0.10619628662114712,
            0.104470969776399,
            0.11652786519049475,
            0.13676066301014853,
            0.1062101853835393,
            0.10497101595811602,
            0.09935047211197182,
            0.10289999802319884
        ],
        [
            0.12278114077513379,
            0.10571170624123916,
            0.10437700000201579,
            0.11697734590368253,
            0.1377310920295049,
            0.10572567875623144,
            0.10450619675627125,
            0.09961320926717761,
            0.10257663026874346
        ],
        [
            0.12294887044618248,
            0.10522963895066353,
            0.10428352008367708,
            0.11742449290407948,
            0.13869647806305005,
            0.1052436847709853,
            0.10404378778655615,
            0.09987458662571985,
            0.10225494036908608
        ],
        [
            0.12311574536476853,
            0.10475004874184302,
            0.10419052300351414,
            0.11786933962854787,
            0.13965689336440598,
            0.10476416742662413,
            0.10358375451505929,
            0.10013462367117797,
            0.10193490428405916
        ],
        [
            0.12328177767476557,
            0.10427290042679502,
            0.10409800190342709,
            0.11831191875283702,
            0.14061240854245277,
            0.1042870915414194,
            0.1031260631939161,
            0.10039333944368602,
            0.1016164985207011
        ],
        [
            0.12344697924603237,
            0.10379815961176482,
            0.10400595008013933,
            0.11875226221514097,
            0.14156309261223712,
            0.10381242272772845,
            0.10267068083698055,
            0.10065075255365673,
            0.1012997001163198
        ],
        [
            0.12361136168282202,
            0.10332579267284553,
            0.10391436098044417,
            0.11919040123873947,
            0.14250901304390035,
            0.10334012736761891,
            0.10221757519644314,
            0.10090688119497147,
            0.10098448662221482
        ],
        [
            0.12377493633186604,
            0.10285576673254145,
            0.10382322819663574,
            0.11962636635376325,
            0.14345023580971336,
            0.10287017258943626,
            0.10176671474035368,
            0.10116174315766031,
            0.10067083608802985
        ],
        [
            0.12393771429014865,
            0.10238804963722836,
            0.10373254546211434,
            0.12006018741812569,
            0.14438682542931075,
            0.10240252624526815,
            0.10131806863100422,
            0.10141535584009616,
            0.10035872704670352
        ],
        [
            0.12409970641238628,
            0.10192260993547046,
            0.1036423066471593,
            0.12049189363765968,
            0.14531884501320663,
            0.10193715688926516,
            0.10087160670413363,
            0.10166773626072619,
            0.1000481384999926
        ],
        [
            0.12426092331822435,
            0.1014594168571556,
            0.10355250575486102,
            0.1209215135854938,
            0.1462463563046672,
            0.10147403375677994,
            0.100427299448917,
            0.10191890106936,
            0.09973904990454124
        ],
        [
            0.1244213753991652,
            0.10099844029341051,
            0.1034631369172053,
            0.12134907522070458,
            0.14716941972001837,
            0.10101312674428588,
            0.099985117988703,
            0.10216886655803605,
            0.09943144115847123
        ],
        [
            0.12458107282523909,
            0.10053965077726186,
            0.10337419439130305,
            0.12177460590627609,
            0.14808809438745676,
            0.10055440639004172,
            0.09954503406246658,
            0.10241764867148472,
            0.09912529258847005
        ],
        [
            0.12474002555142939,
            0.10008301946500911,
            0.10328567255575882,
            0.1221981324263984,
            0.14900243818443176,
            0.10009784385546772,
            0.09910702000694435,
            0.10266526301720612,
            0.09882058493735431
        ],
        [
            0.12489824332386314,
            0.09962851811827764,
            0.10319756590717184,
            0.12261968100313396,
            0.14991250777366197,
            0.09964341090720201,
            0.09867104873942241,
            0.1029117248751797,
            0.09851729935208722
        ],
        [
            0.12505573568577683,
            0.09917611908672463,
            0.10310986905676453,
            0.12303927731247842,
            0.15081835863784257,
            0.0991910798998096,
            0.09823709374115012,
            0.10315704920722117,
            0.09821541737223212
        ],
        [
            0.1252125119832679,
            0.0987257952913651,
            0.1030225767271317,
            0.12345694649984498,
            0.15172004511310727,
            0.09874082375911133,
            0.09780512904134869,
            0.10340125066600346,
            0.09791492091881975
        ],
        [
            0.12536858137084103,
            0.0982775202084938,
            0.10293568374910612,
            0.12387271319499546,
            0.15261762042129434,
            0.09829261596610873,
            0.09737512920179124,
            0.10364434360375552,
            0.09761579228361364
        ],
        [
            0.12552395281675716,
            0.09783126785417909,
            0.10284918505873566,
            0.12428660152644072,
            0.1535111367010659,
            0.09784643054148062,
            0.09694706930193141,
            0.10388634208065199,
            0.09731801411875736
        ],
        [
            0.12567863510819507,
            0.09738701276929942,
            0.10276307569436592,
            0.12469863513533623,
            0.1544006450379363,
            0.0974022420306223,
            0.09652092492455237,
            0.10412725987290859,
            0.09702156942678382
        ],
        [
            0.12583263685623228,
            0.09694473000510463,
            0.10267735079382546,
            0.12510883718889093,
            0.15528619549324882,
            0.0969600254892094,
            0.09609667214191916,
            0.10436711048059412,
            0.09672644155097522
        ],
        [
            0.12598596650065347,
            0.09650439510927701,
            0.10259200559170846,
            0.1255172303933118,
            0.1561678371321487,
            0.09651975646926153,
            0.09567428750241037,
            0.10460590713517207,
            0.09643261416605658
        ],
        [
            0.12613863231459338,
            0.09606598411247229,
            0.10250703541675078,
            0.12592383700630275,
            0.15704561805059322,
            0.09608141100568554,
            0.09525374801760998,
            0.10484366280678233,
            0.09614007126920973
        ],
        [
            0.12629064240902121,
            0.09562947351532,
            0.10242243568929577,
            0.12632867884913673,
            0.1579195854014395,
            0.09564496560327834,
            0.09483503114983992,
            0.10508039021127459,
            0.09584879717139394
        ],
        [
            0.1264420047370728,
            0.09519484027586565,
            0.10233820191884607,
            0.12673177731831778,
            0.15878978541964603,
            0.09521039722417124,
            0.09441811480011626,
            0.10531610181700259,
            0.0955587764889616
        ],
        [
            0.1265927270982369,
            0.0947620617974352,
            0.1022543297016979,
            0.12713315339685063,
            0.1596562634466264,
            0.09477768327569663,
            0.09400297729651044,
            0.10555080985138993,
            0.09526999413555587
        ],
        [
            0.12674281714240163,
            0.09433111591690604,
            0.1021708147186545,
            0.12753282766513316,
            0.1605190639537874,
            0.09434680159866109,
            0.0935895973829004,
            0.10578452630727604,
            0.09498243531427966
        ],
        [
            0.12689228237376643,
            0.09390198089336647,
            0.1020876527328153,
            0.12793082031148756,
            0.1613782305652873,
            0.09391773045600679,
            0.09317795420809417,
            0.10601726294905184,
            0.09469608551012408
        ],
        [
            0.12704113015462506,
            0.09347463539715062,
            0.10200483958743836,
            0.12832715114234336,
            0.16223380608004065,
            0.09349044852184851,
            0.09276802731531372,
            0.10624903131859231,
            0.09441093048264751
        ],
        [
            0.1271893677090248,
            0.09304905849923069,
            0.10192237120387247,
            0.12872183959208808,
            0.16308583249300582,
            0.0930649348708677,
            0.09235979663202142,
            0.10647984274099577,
            0.09412695625889324
        ],
        [
            0.12733700212630664,
            0.09262522966095602,
            0.10184024357955683,
            0.12911490473259646,
            0.16393435101577725,
            0.0926411689680534,
            0.09195324246007902,
            0.10670970833013566,
            0.09384414912653873
        ],
        [
            0.127484040364531,
            0.09220312872412223,
            0.10175845278608511,
            0.12950636528245246,
            0.16477940209651415,
            0.09221913065877313,
            0.0915483454662234,
            0.10693863899403341,
            0.09356249562726515
        ],
        [
            0.1276304892537938,
            0.09178273590135969,
            0.10167699496733172,
            0.1298962396158751,
            0.1656210254392291,
            0.09179880015916315,
            0.0911450866728484,
            0.10716664544005883,
            0.09328198255034023
        ],
        [
            0.1277763554994369,
            0.09136403176682752,
            0.10159586633763776,
            0.13028454577136053,
            0.16645926002246333,
            0.09138015804682408,
            0.0907434474490798,
            0.10739373817996514,
            0.09300259692640506
        ],
        [
            0.12792164568515632,
            0.0909469972472037,
            0.10151506318005456,
            0.13067130146004902,
            0.16729414411736754,
            0.09096318525181257,
            0.09034340950213418,
            0.10761992753476368,
            0.09272432602145853
        ],
        [
            0.12806636627601384,
            0.0905316136129564,
            0.10143458184464214,
            0.13105652407383087,
            0.16812571530521864,
            0.0905478630479143,
            0.08994495486894753,
            0.10784522363944664,
            0.09244715733102964
        ],
        [
            0.12821052362135363,
            0.0901178624698895,
            0.10135441874682116,
            0.13144023069319768,
            0.16895401049438608,
            0.09013417304419093,
            0.08954806590806687,
            0.10806963644756137,
            0.09217107857453277
        ],
        [
            0.1283541239576287,
            0.08970572575094986,
            0.10127457036577574,
            0.13182243809485034,
            0.16977906593677264,
            0.08972209717678888,
            0.08915272529179288,
            0.10829317573564301,
            0.09189607768979785
        ],
        [
            0.12849717341114045,
            0.08929518570828718,
            0.10119503324290571,
            0.13220316275907282,
            0.17060091724374893,
            0.08931161770100055,
            0.08875891599856472,
            0.10851585110751061,
            0.09162214282776898
        ],
        [
            0.1286396780006939,
            0.08888622490555699,
            0.10111580398032614,
            0.1325824208768798,
            0.17141959940159915,
            0.08890271718356876,
            0.0883666213055781,
            0.10873767199843155,
            0.09134926234736555
        ],
        [
            0.12878164364017258,
            0.0884788262104581,
            0.10103687923941267,
            0.13296022835694685,
            0.17223514678649698,
            0.08849537849522551,
            0.08797582478162817,
            0.10895864767915926,
            0.09107742481049985
        ],
        [
            0.1289230761410354,
            0.08807297278749508,
            0.10095825573939057,
            0.13333660083233145,
            0.1730475931790296,
            0.0880895848034557,
            0.0875865102801683,
            0.10917878725984909,
            0.09080661897724485
        ],
        [
            0.1290639812147383,
            0.08766864809095931,
            0.10087993025596662,
            0.13371155366699106,
            0.17385697177828288,
            0.08768531956547951,
            0.08719866193257836,
            0.10939809969385589,
            0.09053683380114805
        ],
        [
            0.12920436447508418,
            0.08726583585811777,
            0.10080189962000127,
            0.13408510196210838,
            0.17466331521551018,
            0.08728256652144237,
            0.08681226414163236,
            0.10961659378141943,
            0.09026805842468388
        ],
        [
            0.1293442314405025,
            0.08686452010260617,
            0.10072416071622088,
            0.13445726056222682,
            0.17546665556739072,
            0.08688130968780927,
            0.08642730157516197,
            0.10983427817323904,
            0.09000028217484268
        ],
        [
            0.12948358753626205,
            0.0864646851080146,
            0.10064671048196713,
            0.13482804406120685,
            0.17626702436890118,
            0.08648153335095154,
            0.08604375915990473,
            0.11005116137394397,
            0.08973349455884803
        ],
        [
            0.129622438096619,
            0.0860663154216625,
            0.10056954590598381,
            0.13519746680800712,
            0.17706445262580833,
            0.08608322206092302,
            0.08566162207553384,
            0.11026725174546174,
            0.0894676852600007
        ],
        [
            0.12976078836690208,
            0.08566939584855464,
            0.10049266402723851,
            0.13556554291229705,
            0.17785897082679777,
            0.08568636062541694,
            0.08528087574886149,
            0.11048255751028829,
            0.08920284413364328
        ],
        [
            0.12989864350553787,
            0.08527391144551123,
            0.10041606193377843,
            0.13593228624990786,
            0.17865060895525312,
            0.0852909341038973,
            0.08490150584820928,
            0.1106970867546638,
            0.08893896120324117
        ],
        [
            0.13003600858601716,
            0.08487984751546845,
            0.10033973676161939,
            0.13629771046812522,
            0.17943939650069357,
            0.08489692780190024,
            0.084523498277942,
            0.11091084743165662,
            0.08867602665657728
        ],
        [
            0.1301728885988061,
            0.08448718960193986,
            0.10026368569366624,
            0.13666182899083285,
            0.18022536246988854,
            0.0845043272654965,
            0.08414683917315574,
            0.11112384736415995,
            0.08841403084205424
        ],
        [
            0.1303092884532021,
            0.08409592348363679,
            0.10018790595866413,
            0.13702465502350783,
            0.18100853539765274,
            0.08411311827591285,
            0.08377151489451849,
            0.11133609424780247,
            0.0881529642651026
        ],
        [
            0.13044521297913797,
            0.08370603516923991,
            0.10011239483017942,
            0.1373862015580763,
            0.18178894335733872,
            0.08372328684430445,
            0.08339751202325574,
            0.11154759565377736,
            0.0878928175846902
        ],
        [
            0.13058066692893505,
            0.08331751089231784,
            0.10003714962560913,
            0.13774648137763193,
            0.1825666139710336,
            0.08333481920667446,
            0.08302481735627698,
            0.11175835903159165,
            0.0876335816099294
        ],
        [
            0.1307156549790077,
            0.08293033710638754,
            0.09996216770521814,
            0.13810550706102326,
            0.18334157441947171,
            0.08294770181893528,
            0.08265341790143839,
            0.11196839171173881,
            0.08737524729677931
        ],
        [
            0.13085018173152024,
            0.08254450048011144,
            0.09988744647120293,
            0.1384632909873135,
            0.18411385145167242,
            0.08256192135210656,
            0.08228330087293646,
            0.11217770090829746,
            0.08711780574483906
        ],
        [
            0.13098425171599834,
            0.08215998789262796,
            0.09981298336678142,
            0.1388198453401171,
            0.18488347139431083,
            0.08217746468764653,
            0.08191445368682969,
            0.11238629372145795,
            0.0868612481942302
        ],
        [
            0.1311178693908964,
            0.08177678642900849,
            0.09973877587530743,
            0.1391751821118183,
            0.18565046016083414,
            0.08179431891290978,
            0.08154686395668147,
            0.11259417713998034,
            0.08660556602256364
        ],
        [
            0.13125103914512168,
            0.08139488337584015,
            0.09966482151940957,
            0.13952931310767325,
            0.1864148432603258,
            0.08141247131673089,
            0.08118051948932373,
            0.11280135804358445,
            0.08635075074199042
        ],
        [
            0.13138376529951776,
            0.0810142662169267,
            0.09959111786015341,
            0.1398822499498022,
            0.18717664580613283,
            0.08103190938512597,
            0.08081540828073368,
            0.11300784320527604,
            0.08609679399633141
        ],
        [
            0.13151605210830766,
            0.08063492262910596,
            0.09951766249622601,
            0.14023400408107364,
            0.18793589252425874,
            0.08065262079711093,
            0.08045151851202251,
            0.11321363929360977,
            0.08584368755828484
        ],
        [
            0.13164790376049812,
            0.0802568404781799,
            0.09944445306314273,
            0.14058458676888366,
            0.18869260776153085,
            0.08027459342063227,
            0.08008883854553206,
            0.11341875287489137,
            0.08559142332670903
        ],
        [
            0.13177932438124715,
            0.07988000781495169,
            0.09937148723247477,
            0.14093400910883613,
            0.18944681549355286,
            0.07989781530860485,
            0.07972735692103405,
            0.11362319041532193,
            0.08533999332397654
        ],
        [
            0.1319103180331945,
            0.07950441287136939,
            0.09929876271109743,
            0.1412822820283238,
            0.1901985393324432,
            0.0795222746950562,
            0.0793670623520316,
            0.1138269582830844,
            0.08508938969339945
        ],
        [
            0.13204088871775793,
            0.07913004405676953,
            0.09922627724045796,
            0.14162941629001655,
            0.19094780253437316,
            0.07914795999137085,
            0.07900794372215658,
            0.11403006275037603,
            0.08483960469672146
        ],
        [
            0.13217104037639457,
            0.07875688995422128,
            0.09915402859586292,
            0.14197542249525624,
            0.1916946280069029,
            0.07877485978263513,
            0.07864999008166342,
            0.1142325099953865,
            0.08459063071167702
        ],
        [
            0.13230077689183034,
            0.07838493931696383,
            0.09908201458578383,
            0.14232031108736526,
            0.19243903831613082,
            0.07840296282407518,
            0.07829319064401224,
            0.11443430610422563,
            0.08434246022961284
        ]
    ],
    "Gap": [
        0.020733579171822735,
        0.020828201724388415,
        0.02092223257127027,
        0.021015683719262705,
        0.021108566795062542,
        0.02120089306155556,
        0.021292673433215732,
        0.0213839184907061,
        0.021474638494715082,
        0.021564843399044985,
        0.021654542863064147,
        0.021743746263504952,
        0.0218324627056666,
        0.02192070103407928,
        0.0220084698426236,
        0.022095777484161874,
        0.022182632079711464,
        0.02226904152717605,
        0.02235501350965826,
        0.02244055550338827,
        0.022525674785301184,
        0.022610378440218112,
        0.02269467336776077,
        0.02277856628891724,
        0.02286206375231938,
        0.022945172140252535,
        0.02302789767439568,
        0.023110246421315706,
        0.023192224297714704,
        0.02327383707547627,
        0.023355090386472863,
        0.02343598972719142,
        0.023516540463151783,
        0.02359674783315902,
        0.0236766169533732,
        0.02375615282120748,
        0.023835360319092214,
        0.023914244218059554,
        0.023992809181215984,
        0.024071059767061136,
        0.024149000432679587,
        0.02422663553681659,
        0.024303969342834207,
        0.024381006021547615,
        0.024457749653965955,
        0.024534204233933602,
        0.02461037367064804,
        0.02468626179112457,
        0.024761872342541662,
        0.024837208994506164,
        0.02491227534125365,
        0.02498707490374856,
        0.025061611131727755,
        0.025135887405662846,
        0.025209907038659125,
        0.025283673278275073,
        0.025357189308309835,
        0.025430458250499045,
        0.025503483166165335,
        0.025576267057818288,
        0.025648812870696935,
        0.025721123494254233,
        0.02579320176360391,
        0.025865050460918183,
        0.025936672316768987,
        0.026008070011445165,
        0.026079246176207816,
        0.026150203394520333,
        0.026220944203231546,
        0.02629147109372911,
        0.026361786513046166,
        0.026431892864943435,
        0.026501792510953154,
        0.02657148777140047,
        0.02664098092637452,
        0.026710274216686102,
        0.02677936984480024,
        0.026848269975718986,
        0.026916976737867818,
        0.026985492223928247,
        0.02705381849166569,
        0.027121957564727992,
        0.027189911433403376,
        0.027257682055399256,
        0.02732527135654541,
        0.027392681231522525,
        0.02745991354454506,
        0.027526970130024628,
        0.027593852793236968,
        0.027660563310940942,
