{
    "Accuracy": [
        0.7737556561085973,
        0.7737556561085973,
        0.7737556561085973,
        0.7737556561085973,
        0.7737556561085973,
        0.7737556561085973,
        0.7737556561085973,
        0.7737556561085973,
        0.7828054298642534,
        0.7828054298642534,
        0.7782805429864253,
        0.7828054298642534,
        0.7828054298642534,
        0.7828054298642534,
        0.7828054298642534,
        0.7828054298642534,
        0.7828054298642534,
        0.7828054298642534,
        0.7828054298642534,
        0.7828054298642534,
        0.7828054298642534,
        0.7828054298642534,
        0.7828054298642534,
        0.7828054298642534,
        0.7828054298642534,
        0.7692307692307693,
        0.7692307692307693,
        0.7873303167420814,
        0.7873303167420814,
        0.7873303167420814,
        0.7873303167420814,
        0.7873303167420814,
        0.7963800904977375,
        0.7963800904977375,
        0.7963800904977375,
        0.7963800904977375,
        0.7963800904977375,
        0.7963800904977375,
        0.8054298642533937,
        0.8009049773755657,
        0.8009049773755657,
        0.8009049773755657,
        0.8009049773755657,
        0.8009049773755657,
        0.8009049773755657,
        0.8009049773755657,
        0.7963800904977375,
        0.7963800904977375,
        0.7963800904977375,
        0.7873303167420814,
        0.7873303167420814,
        0.7873303167420814,
        0.7873303167420814,
        0.7873303167420814,
        0.7873303167420814,
        0.7873303167420814,
        0.7873303167420814,
        0.7873303167420814,
        0.7873303167420814,
        0.7918552036199095,
        0.7873303167420814,
        0.7873303167420814,
        0.7873303167420814,
        0.7873303167420814,
        0.7873303167420814,
        0.7873303167420814,
        0.8054298642533937,
        0.8054298642533937,
        0.8054298642533937,
        0.8054298642533937,
        0.7828054298642534,
        0.7828054298642534,
        0.7828054298642534,
        0.7828054298642534,
        0.7828054298642534,
        0.7828054298642534,
        0.7828054298642534,
        0.7828054298642534,
        0.7828054298642534,
        0.7828054298642534,
        0.7828054298642534,
        0.8009049773755657,
        0.8009049773755657,
        0.8009049773755657,
        0.8190045248868778,
        0.8190045248868778,
        0.8190045248868778,
        0.8190045248868778,
        0.8190045248868778,
        0.8190045248868778,
        0.8190045248868778,
        0.8009049773755657,
        0.8009049773755657,
        0.8009049773755657,
        0.8235294117647058,
        0.8235294117647058,
        0.8235294117647058,
        0.8144796380090498,
        0.8235294117647058,
        0.7828054298642534
    ],
    "Normalized_Mutual_Info": [
        0.7310387455740188,
        0.7310387455740188,
        0.7310387455740188,
        0.7310387455740188,
        0.7310387455740188,
        0.7310387455740188,
        0.7310387455740188,
        0.7310387455740188,
        0.7428581389429072,
        0.7428581389429072,
        0.737035108821574,
        0.7428581389429072,
        0.7428581389429072,
        0.7428581389429072,
        0.7428581389429074,
        0.7428581389429074,
        0.7428581389429074,
        0.7428581389429074,
        0.7428581389429074,
        0.7428581389429072,
        0.7428581389429072,
        0.7428581389429072,
        0.7428581389429072,
        0.7428581389429072,
        0.7428581389429072,
        0.727570161928192,
        0.727570161928192,
        0.7433234543933628,
        0.7433234543933628,
        0.743323454393363,
        0.743323454393363,
        0.743323454393363,
        0.7508390026802034,
        0.7508390026802034,
        0.7508390026802034,
        0.7508390026802034,
        0.7508390026802034,
        0.7508390026802034,
        0.7628895581765089,
        0.7513033989247823,
        0.7513033989247823,
        0.7513033989247823,
        0.7513033989247823,
        0.7513033989247823,
        0.7513033989247823,
        0.7513033989247823,
        0.7447249267014123,
        0.7447249267014123,
        0.7447249267014123,
        0.7484154869186732,
        0.7484154869186732,
        0.7484154869186732,
        0.7484154869186732,
        0.7484154869186732,
        0.7484154869186732,
        0.7484154869186732,
        0.7484154869186732,
        0.7484154869186732,
        0.7376679250504881,
        0.7527873288020052,
        0.7376679250504881,
        0.7376679250504881,
        0.7376679250504881,
        0.7376679250504881,
        0.7376679250504881,
        0.7376679250504881,
        0.7619340645588518,
        0.7619340645588518,
        0.7619340645588518,
        0.7619340645588518,
        0.746859964183455,
        0.746859964183455,
        0.746859964183455,
        0.746859964183455,
        0.746859964183455,
        0.746859964183455,
        0.746859964183455,
        0.746859964183455,
        0.746859964183455,
        0.746859964183455,
        0.746859964183455,
        0.7562919370877171,
        0.7562919370877171,
        0.7562919370877171,
        0.7778957458140856,
        0.7778957458140856,
        0.7778957458140856,
        0.7778957458140856,
        0.7778957458140856,
        0.7778957458140856,
        0.7778957458140856,
        0.7629966044575291,
        0.7629966044575291,
        0.7629966044575291,
        0.7800288901529188,
        0.7800288901529188,
        0.7800288901529188,
        0.7708452610521671,
        0.7800288901529188,
        0.746859964183455
    ],
    "Weights": [
        [
            0.24950335871408988,
            0.25141750887032366,
            0.2530183776178073,
            0.24606075479777909
        ],
        [
            0.24470014827026207,
            0.2493426315947523,
            0.2531369419881575,
            0.25282027814682806
        ],
        [
            0.23989450628887202,
            0.24726667088715956,
            0.2532554931719769,
            0.25958332965199155
        ],
        [
            0.23508607286350047,
            0.24518947097100735,
            0.25337403937666736,
            0.26635041678882476
        ],
        [
            0.23027449177499915,
            0.2431108776487526,
            0.25349258868815283,
            0.2731220418880955
        ],
        [
            0.2254594112798765,
            0.2410307386422874,
            0.2536111490511491,
            0.27989870102668696
        ],
        [
            0.22064048489382843,
            0.23894890393130996,
            0.2537297282496167,
            0.2866808829252449
        ],
        [
            0.21581737216780505,
            0.2368652260884992,
            0.2538483338874604,
            0.2934690678562353
        ],
        [
            0.21098973945409366,
            0.23477956061040564,
            0.2539669733695398,
            0.30026372656596095
        ],
        [
            0.20615726066000015,
            0.23269176624301396,
            0.2540856538830504,
            0.30706531921393554
        ],
        [
            0.2013196179868383,
            0.23060170530098803,
            0.25420438237933307,
            0.31387429433284053
        ],
        [
            0.196476502652071,
            0.2285092439796673,
            0.2543231655561647,
            0.3206910878120969
        ],
        [
            0.19162761559259517,
            0.22641425265894705,
            0.2544420098405798,
            0.327516121907878
        ],
        [
            0.18677266814732418,
            0.22431660619824476,
            0.25456092137226854,
            0.3343498042821625
        ],
        [
            0.18191138271739032,
            0.2222161842218281,
            0.25467990598759294,
            0.34119252707318876
        ],
        [
            0.17704349340245662,
            0.22011287139385136,
            0.2547989692042565,
            0.3480446659994355
        ],
        [
            0.17216874661181356,
            0.21800655768252852,
            0.2549181162066617,
            0.3549065794989961
        ],
        [
            0.16728690164910975,
            0.21589713861294468,
            0.2550373518319806,
            0.36177860790596483
        ],
        [
            0.16239773126974422,
            0.21378451550808605,
            0.2551566805569636,
            0.36866107266520615
        ],
        [
            0.15750102221011983,
            0.21166859571774208,
            0.2552761064855041,
            0.37555427558663407
        ],
        [
            0.15259657568812895,
            0.2095492928350076,
            0.25539563333697446,
            0.382458498139889
        ],
        [
            0.147684207874399,
            0.20742652690018049,
            0.25551526443534345,
            0.38937400079007706
        ],
        [
            0.14276375033398053,
            0.2053002245919173,
            0.25563500269908157,
            0.3963010223750206
        ],
        [
            0.1378350504382932,
            0.20317031940556654,
            0.25575485063185854,
            0.4032397795242817
        ],
        [
            0.13289797174728107,
            0.2010367518186581,
            0.2558748103140325,
            0.41019046612002835
        ],
        [
            0.12795239436182973,
            0.19889946944357106,
            0.2559948833949283,
            0.41715325279967097
        ],
        [
            0.12299821524660548,
            0.19675842716744849,
            0.2561150710859007,
            0.4241282865000453
        ],
        [
            0.11803534852355979,
            0.19461358727946385,
            0.2562353741541741,
            0.43111569004280237
        ],
        [
            0.11306372573639897,
            0.1924649195855679,
            0.2563557929174508,
            0.43811556176058236
        ],
        [
            0.10808329608638172,
            0.19031240151087256,
            0.25647632723927827,
            0.4451279751634676
        ],
        [
            0.10309402663983702,
            0.18815601818984007,
            0.25659697652516317,
            0.4521529786451598
        ],
        [
            0.09809590250781816,
            0.1859957625444575,
            0.25671773971942224,
            0.45919059522830213
        ],
        [
            0.09308892699830863,
            0.18383163535057462,
            0.2568386153027572,
            0.4662408223483596
        ],
        [
            0.08807312174139596,
            0.18166364529258508,
            0.25695960129054296,
            0.4733036316754761
        ],
        [
            0.08304852678780114,
            0.1794918090066173,
            0.25708069523181803,
            0.48037896897376353
        ],
        [
            0.07801520068111993,
            0.1773161511123886,
            0.2572018942089673,
            0.48746675399752415
        ],
        [
            0.07297322050408779,
            0.1751367042338566,
            0.2573231948380868,
            0.49456688042396885
        ],
        [
            0.06792268189912942,
            0.17295350900877948,
            0.2574445932700244,
            0.5016792158220666
        ],
        [
            0.06286369906338435,
            0.17076661408726798,
            0.25756608519208835,
            0.5088036016572592
        ],
        [
            0.057796404718337746,
            0.16857607611938308,
            0.25768766583041947,
            0.5159398533318598
        ],
        [
            0.05272095005410829,
            0.1663819597318015,
            0.2578093299530234,
            0.5230877602610667
        ],
        [
            0.047637504648364415,
            0.16418433749353567,
            0.2579310718734621,
            0.5302470859846378
        ],
        [
            0.042546256359763016,
            0.16198328987066085,
            0.25805288545520344,
            0.5374175683143726
        ],
        [
            0.03744741119571848,
            0.15977890516996585,
            0.2581747641166325,
            0.5445989195176831
        ],
        [
            0.0323411931542308,
            0.1575712794714083,
            0.2582967008367273,
            0.5517908265376337
        ],
        [
            0.02722784403942199,
            0.1553605165492221,
            0.25841868816140484,
            0.5589929512499512
        ],
        [
            0.022107623250352065,
            0.15314672778148955,
            0.2585407182105447,
            0.5662049307576137
        ],
        [
            0.016980807542617528,
            0.1509300320479627,
            0.258662782685698,
            0.5734263777237217
        ],
        [
            0.011847690762168319,
            0.14871055561588717,
            0.25878487287849167,
            0.5806568807434528
        ],
        [
            0.0067085835507288555,
            0.146488432013562,
            0.25890697967973897,
            0.58789600475597
        ],
        [
            0.0015638130221536303,
            0.1442638018913436,
            0.2590290935892673,
            0.5951432914972355
        ],
        [
            0.0,
            0.1408413870061335,
            0.25795577886281607,
            0.6012028341310505
        ],
        [
            0.0,
            0.13689580211752378,
            0.2563603321365685,
            0.6067438657459078
        ],
        [
            0.0,
            0.13294932815346816,
            0.2547644379374783,
            0.6122862339090536
        ],
        [
            0.0,
            0.12900210060597436,
            0.253168150438917,
            0.6178297489551087
        ],
        [
            0.0,
            0.12505425751048832,
            0.25157152484855905,
            0.6233742176409527
        ],
        [
            0.0,
            0.12110593931761002,
            0.24997461735688972,
            0.6289194433255003
        ],
        [
            0.0,
            0.11715728876349324,
            0.24837748508516921,
            0.6344652261513375
        ],
        [
            0.0,
            0.11320845073898925,
            0.24678018603287816,
            0.6400113632281327
        ],
        [
            0.0,
            0.10925957215759448,
            0.24518277902466717,
            0.6455576488177384
        ],
        [
            0.0,
            0.10531080182226933,
            0.24358532365683813,
            0.6511038745208926
        ],
        [
            0.0,
            0.1013622902911924,
            0.24198788024338175,
            0.6566498294654258
        ],
        [
            0.0,
            0.09741418974252364,
            0.24039050976160117,
            0.6621953004958753
        ],
        [
            0.0,
            0.09346665383825065,
            0.23879327379735085,
            0.6677400723643985
        ],
        [
            0.0,
            0.08951983758719659,
            0.2371962344899223,
            0.6732839279228812
        ],
        [
            0.0,
            0.08557389720727328,
            0.23559945447660915,
            0.6788266483161175
        ],
        [
            0.0,
            0.08162898998706947,
            0.23400299683698883,
            0.6843680131759418
        ],
        [
            0.0,
            0.07768527414686309,
            0.23240692503695454,
            0.6899078008161824
        ],
        [
            0.0,
            0.0737429086991626,
            0.2308113028725413,
            0.6954457884282962
        ],
        [
            0.0,
            0.06980205330887418,
            0.22921619441358343,
            0.7009817522775423
        ],
        [
            0.0,
            0.0658628681532092,
            0.22762166394724992,
            0.7065154678995409
        ],
        [
            0.0,
            0.06192551378144269,
            0.2260277759215018,
            0.7120467102970555
        ],
        [
            0.0,
            0.05799015097464694,
            0.22443459488852166,
            0.7175752541368313
        ],
        [
            0.0,
            0.054056940605522685,
            0.22284218544816398,
            0.7231008739463134
        ],
        [
            0.0,
            0.050126043498461115,
            0.22125061219147985,
            0.7286233443100589
        ],
        [
            0.0,
            0.04619762028997301,
            0.2196599396443716,
            0.7341424400656553
        ],
        [
            0.0,
            0.04227183128962714,
            0.21807023221143318,
            0.7396579364989396
        ],
        [
            0.0,
            0.038348836341643794,
            0.21648155412003614,
            0.74516960953832
        ],
        [
            0.0,
            0.03442879468729912,
            0.21489396936472363,
            0.7506772359479772
        ],
        [
            0.0,
            0.030511864828290512,
            0.21330754165197244,
            0.756180593519737
        ],
        [
            0.0,
            0.02659820439123169,
            0.21172233434539187,
            0.7616794612633764
        ],
        [
            0.0,
            0.022687969993434663,
            0.21013841041142223,
            0.7671736195951432
        ],
        [
            0.0,
            0.018781317110151345,
            0.208555832365603,
            0.7726628505242457
        ],
        [
            0.0,
            0.014878399943443477,
            0.20697466221947894,
            0.7781469378370777
        ],
        [
            0.0,
            0.010979371292855616,
            0.20539496142821426,
            0.7836256672789301
        ],
        [
            0.0,
            0.007084382428065458,
            0.20381679083898607,
            0.7890988267329484
        ],
        [
            0.0,
            0.0031935829636886882,
            0.20224021064022812,
            0.7945662063960832
        ],
        [
            0.0,
            0.0,
            0.200318840680004,
            0.7996811593199961
        ],
        [
            0.0,
            0.0,
            0.1968044484139591,
            0.803195551586041
        ],
        [
            0.0,
            0.0,
            0.19329306857831952,
            0.8067069314216805
        ],
        [
            0.0,
            0.0,
            0.189784741084124,
            0.810215258915876
        ],
        [
            0.0,
            0.0,
            0.18627950529206935,
            0.8137204947079306
        ],
        [
            0.0,
            0.0,
            0.18277740000316714,
            0.8172225999968329
        ],
        [
            0.0,
            0.0,
            0.17927846344970821,
            0.8207215365502918
        ],
        [
            0.0,
            0.0,
            0.17578273328653587,
            0.8242172667134641
        ],
        [
            0.0,
            0.0,
            0.17229024658263187,
            0.8277097534173681
        ],
        [
            0.0,
            0.0,
            0.1688010398130142,
            0.8311989601869858
        ],
        [
            0.0,
            0.0,
            0.16531514885095094,
            0.834684851149049
        ],
        [
            0.0,
            0.0,
            0.16183260896049062,
            0.8381673910395093
        ],
        [
            0.0,
            0.0,
            0.15835345478931004,
            0.84164654521069
        ]
    ],
    "Gap": [
        0.02621878399597121,
        0.026289112159582424,
        0.026357664039674468,
        0.02642445706222023,
        0.026489510225345368,
        0.026552844077997215,
        0.026614480694590232,
        0.02667444364551818,
        0.026732757963390898,
        0.026789450104952803,
        0.026844547908604636,
        0.02689808054757428,
        0.0269500784787203,
        0.027000573387083147,
        0.027049598126256902,
        0.027097186654753042,
        0.02714337396849955,
        0.0271881960297183,
        0.02723168969238693,
        0.027273892624546717,
        0.02731484322775769,
        0.027354580553969023,
        0.027393144220149823,
        0.02743057432097025,
        0.027466911339896562,
        0.027502196059009002,
        0.027536469467896677,
        0.02756977267195068,
        0.02760214680039771,
        0.027633632914378765,
        0.027664271915400322,
        0.027694104454459283,
        0.027723170842115476,
        0.02775151095981225,
        0.027779164172694586,
        0.027806169244175886,
        0.02783256425248965,
        0.02785838650946001,
        0.0278836724816802,
        0.027908457714321672,
        0.027932776757742528,
        0.02795666309707645,
        0.0279801490849858,
        0.028003265877710466,
        0.028026043374601965,
        0.028048510161259154,
        0.02807069345643759,
        0.02809261906285765,
        0.028114311322060853,
        0.028135793073446543,
        0.028157085617640264,
        0.02817820868431457,
        0.028196147589589715,
        0.028212730892913696,
        0.02822930585571461,
        0.028245879113432883,
        0.028262456855823154,
        0.028279044832715282,
        0.02829564836029815,
        0.028312272327904106,
        0.028328921205280955,
        0.028345599050334035,
        0.028362309517343073,
        0.028379055865611926,
        0.02839584096856378,
        0.02841266732324584,
        0.02842953706025352,
        0.028446451954032406,
        0.02846341343357104,
        0.02848042259344616,
        0.028497480205229325,
        0.028514586729213347,
        0.028531742326471054,
        0.0285489468712106,
        0.028566199963423685,
        0.02858350094179969,
        0.028600848896908983,
        0.02861824268461186,
        0.028635680939708707,
        0.028653162089779517,
        0.028670684369234353,
        0.028688245833519286,
        0.028705844373493928,
        0.02872347772993934,
        0.02874114350818993,
        0.02875883919287666,
        0.028776562162748705,
        0.02879430970557109,
        0.02881107367162767,
        0.028823226763197794,
        0.028835402438324474,
        0.028847600197016696,
        0.02885981953741162,
        0.028872059956945594,
        0.028884320953505772,
        0.028896602026565722,
        0.028908902678314585,
        0.02892122241476634,
        0.028933560746864536,
        0.028945917191559117
    ],
    "Check_Prop": {
        "isSymmetry": true,
        "isTriangIneq": false,
        "isPSD": true
    }
}