{
    "Accuracy": [
        0.5797872340425532,
        0.5797872340425532,
        0.5797872340425532,
        0.5797872340425532,
        0.5797872340425532,
        0.5797872340425532,
        0.5797872340425532,
        0.5797872340425532,
        0.5797872340425532,
        0.5797872340425532,
        0.5797872340425532,
        0.5797872340425532,
        0.5851063829787234,
        0.5851063829787234,
        0.5957446808510638,
        0.6223404255319149,
        0.6223404255319149,
        0.6329787234042553,
        0.5585106382978723,
        0.675531914893617,
        0.6808510638297872,
        0.675531914893617,
        0.675531914893617,
        0.675531914893617,
        0.675531914893617,
        0.675531914893617,
        0.675531914893617,
        0.6648936170212766,
        0.6648936170212766,
        0.6648936170212766,
        0.6648936170212766,
        0.6648936170212766,
        0.6648936170212766,
        0.6648936170212766,
        0.6648936170212766,
        0.6648936170212766,
        0.6648936170212766,
        0.6648936170212766,
        0.6648936170212766,
        0.6648936170212766,
        0.648936170212766,
        0.648936170212766,
        0.648936170212766,
        0.648936170212766,
        0.648936170212766,
        0.648936170212766,
        0.648936170212766,
        0.648936170212766,
        0.648936170212766,
        0.6436170212765957,
        0.6436170212765957,
        0.6436170212765957,
        0.6436170212765957,
        0.6436170212765957,
        0.6436170212765957,
        0.6436170212765957,
        0.6436170212765957,
        0.6436170212765957,
        0.6436170212765957,
        0.6436170212765957,
        0.6436170212765957,
        0.6382978723404256,
        0.6382978723404256,
        0.6382978723404256,
        0.6382978723404256,
        0.6382978723404256,
        0.6382978723404256,
        0.6382978723404256,
        0.6382978723404256,
        0.6382978723404256,
        0.6382978723404256,
        0.6382978723404256,
        0.6382978723404256,
        0.6382978723404256,
        0.6382978723404256,
        0.6382978723404256,
        0.6382978723404256,
        0.6382978723404256,
        0.6382978723404256,
        0.6382978723404256,
        0.6382978723404256,
        0.6382978723404256,
        0.6382978723404256,
        0.6382978723404256,
        0.6382978723404256,
        0.6382978723404256,
        0.6382978723404256,
        0.6329787234042553,
        0.6329787234042553,
        0.6329787234042553,
        0.6329787234042553,
        0.6329787234042553,
        0.6329787234042553,
        0.6329787234042553,
        0.6542553191489362,
        0.6542553191489362,
        0.6542553191489362,
        0.6542553191489362,
        0.6542553191489362,
        0.6542553191489362
    ],
    "Normalized_Mutual_Info": [
        0.012013313264595621,
        0.012013313264595621,
        0.012013313264595621,
        0.012013313264595621,
        0.012013313264595621,
        0.012013313264595621,
        0.012013313264595621,
        0.012013313264595621,
        0.012013313264595621,
        0.012013313264595621,
        0.012013313264595621,
        0.012013313264595621,
        0.013571718823239936,
        0.013571718823239936,
        0.017011205667378567,
        0.027643338640866287,
        0.027643338640866287,
        0.019704431003786754,
        0.020041722189129203,
        0.12278583937381037,
        0.11420163801479737,
        0.10825596951686797,
        0.10825596951686797,
        0.10825596951686797,
        0.10825596951686797,
        0.10825596951686797,
        0.10825596951686797,
        0.11076020925058948,
        0.11076020925058948,
        0.11076020925058948,
        0.11076020925058948,
        0.11076020925058948,
        0.11076020925058948,
        0.11076020925058948,
        0.11076020925058948,
        0.11076020925058948,
        0.11076020925058948,
        0.11076020925058948,
        0.11076020925058948,
        0.11076020925058948,
        0.13721917964199998,
        0.13721917964199998,
        0.13721917964199998,
        0.13721917964199998,
        0.13721917964199998,
        0.13721917964199998,
        0.13721917964199998,
        0.13721917964199998,
        0.13721917964199998,
        0.1310163326808712,
        0.1310163326808712,
        0.1310163326808712,
        0.1310163326808712,
        0.1310163326808712,
        0.1310163326808712,
        0.1310163326808712,
        0.1310163326808712,
        0.1310163326808712,
        0.1310163326808712,
        0.1310163326808712,
        0.1310163326808712,
        0.12505426545567003,
        0.12505426545567003,
        0.12505426545567003,
        0.12505426545567003,
        0.12505426545567003,
        0.12505426545567003,
        0.12505426545567003,
        0.12505426545567003,
        0.12505426545567003,
        0.12505426545567003,
        0.12505426545567003,
        0.12505426545567003,
        0.12505426545567003,
        0.12505426545567003,
        0.12505426545567003,
        0.12505426545567003,
        0.12505426545567003,
        0.12505426545567003,
        0.12505426545567003,
        0.12505426545567003,
        0.12505426545567003,
        0.12505426545567003,
        0.12505426545567003,
        0.12505426545567003,
        0.12505426545567003,
        0.12505426545567003,
        0.13416838411364226,
        0.13416838411364226,
        0.13416838411364226,
        0.13416838411364226,
        0.13416838411364226,
        0.13416838411364226,
        0.13416838411364226,
        0.14367615161781985,
        0.14367615161781985,
        0.14367615161781985,
        0.14367615161781985,
        0.14367615161781985,
        0.14367615161781985
    ],
    "Weights": [
        [
            0.36815189640978724,
            0.14156995671449993,
            0.4902781468757128
        ],
        [
            0.3673493765385158,
            0.1447683827934499,
            0.4878822406680343
        ],
        [
            0.366523645958819,
            0.14805943444146966,
            0.4854169195997114
        ],
        [
            0.3656722622046135,
            0.1514528575627687,
            0.48287488023261776
        ],
        [
            0.36479233342773776,
            0.15496019117075102,
            0.48024747540151125
        ],
        [
            0.36388039449158693,
            0.15859526179381503,
            0.47752434371459807
        ],
        [
            0.36293223570201016,
            0.16237486686581373,
            0.474692897432176
        ],
        [
            0.3619426601399591,
            0.1663197430066358,
            0.4717375968534051
        ],
        [
            0.360905129771461,
            0.17045597809870075,
            0.4686388921298383
        ],
        [
            0.3598112314855111,
            0.17481714187962216,
            0.46537162663486675
        ],
        [
            0.35864983787625965,
            0.17944763455433121,
            0.4619025275694091
        ],
        [
            0.35740572087853917,
            0.18440821861249312,
            0.45818606050896765
        ],
        [
            0.3560571144593998,
            0.18978574409072488,
            0.4541571414498753
        ],
        [
            0.35457107263331633,
            0.1957116708826546,
            0.44971725648402905
        ],
        [
            0.3528936306824019,
            0.20240132723116988,
            0.4447050420864282
        ],
        [
            0.3509255606273354,
            0.21025065007529425,
            0.43882378929737037
        ],
        [
            0.3484472087828161,
            0.220136099575749,
            0.431416691641435
        ],
        [
            0.3447725821599474,
            0.2347949501552268,
            0.42043246768482573
        ],
        [
            0.33640477980951455,
            0.2681820163557888,
            0.3954132038346966
        ],
        [
            0.33444589251890855,
            0.27600125265426356,
            0.38955285482682783
        ],
        [
            0.3328794665156643,
            0.28225456283712796,
            0.3848659706472078
        ],
        [
            0.3315340722142195,
            0.28762594610850645,
            0.380839981677274
        ],
        [
            0.3303365200977346,
            0.2924074282840556,
            0.3772560516182098
        ],
        [
            0.32924714436493313,
            0.2967572763917417,
            0.37399557924332505
        ],
        [
            0.3282414881770448,
            0.3007730738555391,
            0.37098543796741623
        ],
        [
            0.3273031756299047,
            0.3045201611584049,
            0.36817666321169046
        ],
        [
            0.32642058974676275,
            0.3080448906082459,
            0.36553451964499123
        ],
        [
            0.3255851284977547,
            0.31138158481358785,
            0.36303328668865736
        ],
        [
            0.3247902075410157,
            0.3145565157506254,
            0.36065327670835895
        ],
        [
            0.32403065182948654,
            0.3175903322588784,
            0.358379015911635
        ],
        [
            0.32330230507775176,
            0.3204996182754165,
            0.3561980766468317
        ],
        [
            0.3226017685482358,
            0.32329793508412263,
            0.35410029636764156
        ],
        [
            0.3219262202934326,
            0.32599654254449734,
            0.3520772371620701
        ],
        [
            0.32127328644539876,
            0.3286049126510402,
            0.35012180090356104
        ],
        [
            0.320640947302571,
            0.33113110425057835,
            0.3482279484468508
        ],
        [
            0.32002746734688153,
            0.3335820422770917,
            0.3463904903760267
        ],
        [
            0.31943134212520297,
            0.3359637296973677,
            0.3446049281774294
        ],
        [
            0.3188512572726465,
            0.33828141101023784,
            0.3428673317171156
        ],
        [
            0.3182860564444299,
            0.34053970020029334,
            0.34117424335527674
        ],
        [
            0.31773471589484814,
            0.3427426821693737,
            0.3395226019357782
        ],
        [
            0.31719632409121445,
            0.3448939940782991,
            0.33790968183048636
        ],
        [
            0.31667006519372953,
            0.3469968912633595,
            0.33633304354291105
        ],
        [
            0.31615520554037585,
            0.34905430116259006,
            0.33479049329703403
        ],
        [
            0.31565108249392304,
            0.3510688678170976,
            0.33328004968897945
        ],
        [
            0.31515709516476603,
            0.3530429888876958,
            0.33179991594753816
        ],
        [
            0.31467269663746916,
            0.3549788466716651,
            0.33034845669086566
        ],
        [
            0.31419738741317654,
            0.35687843426812227,
            0.3289241783187012
        ],
        [
            0.31373070984303353,
            0.3587435777891874,
            0.3275257123677792
        ],
        [
            0.31327224337535126,
            0.3605759553242576,
            0.3261518013003911
        ],
        [
            0.3128216004755676,
            0.36237711321977484,
            0.3248012863046576
        ],
        [
            0.3123784231060543,
            0.3641484801251582,
            0.3234730967687875
        ],
        [
            0.31194237967458244,
            0.36589137916875564,
            0.3221662411566618
        ],
        [
            0.3115131623773182,
            0.36760703855958576,
            0.32087979906309594
        ],
        [
            0.3110904848757002,
            0.36929660085686095,
            0.3196129142674388
        ],
        [
            0.3106740802572771,
            0.37096113110648576,
            0.3183647886362372
        ],
        [
            0.31026369923917557,
            0.3726016240094363,
            0.31713467675138807
        ],
        [
            0.30985910857980176,
            0.37421901025926985,
            0.31592188116092845
        ],
        [
            0.30946008966999655,
            0.3758141621635918,
            0.3147257481664117
        ],
        [
            0.30906643727945865,
            0.37738789864599426,
            0.3135456640745471
        ],
        [
            0.30867795843800827,
            0.3789409897099621,
            0.3123810518520297
        ],
        [
            0.30829447143436767,
            0.38047416043387516,
            0.3112313681317572
        ],
        [
            0.3079158049177091,
            0.38198809455595906,
            0.31009610052633185
        ],
        [
            0.30754179708935775,
            0.3834834376995052,
            0.3089747652111369
        ],
        [
            0.30717229497383025,
            0.3849608002815348,
            0.30786690474463496
        ],
        [
            0.3068071537598883,
            0.38642076014209126,
            0.30677208609802037
        ],
        [
            0.30644623620355965,
            0.38786386492628044,
            0.3056898988701599
        ],
        [
            0.30608941208614365,
            0.38929063424690946,
            0.3046199536669467
        ],
        [
            0.305736557721137,
            0.39070156165193465,
            0.3035618806269283
        ],
        [
            0.3053875555047842,
            0.39209711641783446,
            0.30251532807738135
        ],
        [
            0.3050422935056263,
            0.3934777451873793,
            0.3014799613069944
        ],
        [
            0.30470066508898885,
            0.39484387346798744,
            0.3004554614430237
        ],
        [
            0.30436256857284033,
            0.396195907004908,
            0.29944152442225164
        ],
        [
            0.3040279069118755,
            0.3975342330417836,
            0.29843786004634093
        ],
        [
            0.30369658740704397,
            0.39885922147968134,
            0.29744419111327464
        ],
        [
            0.3033685214380635,
            0.4001712259444153,
            0.2964602526175213
        ],
        [
            0.3030436242167311,
            0.4014705847708763,
            0.29548579101239253
        ],
        [
            0.3027218145590916,
            0.40275762191212544,
            0.2945205635287829
        ],
        [
            0.30240301467472824,
            0.4040326477801613,
            0.29356433754511047
        ],
        [
            0.30208714997162917,
            0.405295960024541,
            0.2926168900038298
        ],
        [
            0.3017741488752456,
            0.4065478442543731,
            0.2916780068703813
        ],
        [
            0.3014639426604995,
            0.40778857470864,
            0.2907474826308607
        ],
        [
            0.30115646529562506,
            0.4090184148792996,
            0.2898251198250752
        ],
        [
            0.3008516532968429,
            0.4102376180911695,
            0.2889107286119876
        ],
        [
            0.3005494455929588,
            0.41144642804219955,
            0.2880041263648416
        ],
        [
            0.30024978339907504,
            0.4126450793073942,
            0.2871051372935307
        ],
        [
            0.2999526100986722,
            0.41383379780932916,
            0.28621359209199865
        ],
        [
            0.2996578711333957,
            0.4150128012579263,
            0.28532932760867796
        ],
        [
            0.29936551389993893,
            0.4161822995619137,
            0.2844521865381473
        ],
        [
            0.29907548765347314,
            0.4173424952141601,
            0.2835820171323667
        ],
        [
            0.29878774341712266,
            0.418493583652889,
            0.28271867292998826
        ],
        [
            0.2985022338970303,
            0.41963575360058747,
            0.2818620125023823
        ],
        [
            0.2982189134025948,
            0.42076918738227476,
            0.28101189921513037
        ],
        [
            0.29793773777150306,
            0.42189406122464446,
            0.2801682010038524
        ],
        [
            0.2976586642992067,
            0.42301054553746587,
            0.27933079016332746
        ],
        [
            0.2973816516725278,
            0.42411880517851425,
            0.27849954314895803
        ],
        [
            0.29710665990710017,
            0.4252189997031947,
            0.27767434038970523
        ],
        [
            0.29683365028838,
            0.42631128359992376,
            0.2768550661116962
        ],
        [
            0.2965625853159797,
            0.42739580651225173,
            0.2760416081717685
        ],
        [
            0.29629342865109803,
            0.42847271344862803,
            0.2752338579002739
        ],
        [
            0.2960261450668407,
            0.4295421449806347,
            0.27443170995252464
        ]
    ],
    "Loss": [
        -2.586267131667545e-06,
        -2.5178291933508234e-06,
        -2.446696751983305e-06,
        -2.3726136393528853e-06,
        -2.295280346202312e-06,
        -2.214343052934666e-06,
        -2.1293788361952277e-06,
        -2.0398752967981785e-06,
        -1.9452018238311803e-06,
        -1.8445679175041996e-06,
        -1.7369607383187935e-06,
        -1.6210478328418138e-06,
        -1.495018385805981e-06,
        -1.356308958680521e-06,
        -1.201095039897355e-06,
        -1.0232626768912459e-06,
        -8.121147031372823e-07,
        -5.473077470916972e-07,
        -2.4007000422655804e-07,
        -1.0245729691701062e-06,
        -1.2809291318385317e-06,
        -1.4909812967398463e-06,
        -1.6746172614948056e-06,
        -1.8404372298013733e-06,
        -1.993141014079956e-06,
        -2.13564382914301e-06,
        -2.2699067288123574e-06,
        -2.397326108874434e-06,
        -2.5189392226000728e-06,
        -2.635542185800884e-06,
        -2.74776221611985e-06,
        -2.8561041405928373e-06,
        -2.960981582241248e-06,
        -3.0627385893320327e-06,
        -3.161665067404751e-06,
        -3.2580080593909825e-06,
        -3.3519801650506e-06,
        -3.4437659410230808e-06,
        -3.533526844688262e-06,
        -3.6214051081190463e-06,
        -3.7075268126676186e-06,
        -3.7920043573180235e-06,
        -3.874938461046101e-06,
        -3.956419802551235e-06,
        -4.036530374685458e-06,
        -4.115344612081035e-06,
        -4.192930336808201e-06,
        -4.269349556777583e-06,
        -4.34465914402475e-06,
        -4.418911414265014e-06,
        -4.492154624791866e-06,
        -4.564433404351558e-06,
        -4.635789126043979e-06,
        -4.706260232236224e-06,
        -4.7758825188280685e-06,
        -4.844689384926952e-06,
        -4.912712052970371e-06,
        -4.97997976342688e-06,
        -5.046519947619797e-06,
        -5.112358381598275e-06,
        -5.177519323518843e-06,
        -5.24202563668131e-06,
        -5.3058988999876606e-06,
        -5.369159507384805e-06,
        -5.431826757571259e-06,
        -5.4939189351623675e-06,
        -5.555453384230117e-06,
        -5.616446575134964e-06,
        -5.676914165333809e-06,
        -5.736871054838951e-06,
        -5.796331436902485e-06,
        -5.8553088444009625e-06,
        -5.913816192368625e-06,
        -5.971865817055086e-06,
        -6.029469511863221e-06,
        -6.086638560454609e-06,
        -6.143383767296998e-06,
        -6.199715485892066e-06,
        -6.2556436448832625e-06,
        -6.311177772266214e-06,
        -6.366327017820684e-06,
        -6.421100173976499e-06,
        -6.475505695191416e-06,
        -6.52955171601509e-06,
        -6.583246067911898e-06,
        -6.636596294964744e-06,
        -6.68960966854733e-06,
        -6.742293201035813e-06,
        -6.7946536586507066e-06,
        -6.846697573484963e-06,
        -6.8984312547888485e-06,
        -6.94986079954875e-06,
        -7.0009921024487054e-06,
        -7.051830865215955e-06,
        -7.102382605427189e-06,
        -7.1526526648020305e-06,
        -7.202646217019073e-06,
        -7.252368275087987e-06,
        -7.301823698307111e-06,
        -7.351017198845913e-06
    ],
    "Check_Prop": {
        "isSymmetry": true,
        "isTriangIneq": false,
        "isPSD": true
    }
}