{
    "Accuracy": [
        0.7978723404255319,
        0.7978723404255319,
        0.7978723404255319,
        0.7978723404255319,
        0.7978723404255319,
        0.7978723404255319,
        0.7978723404255319,
        0.7978723404255319,
        0.7978723404255319,
        0.824468085106383,
        0.824468085106383,
        0.824468085106383,
        0.824468085106383,
        0.824468085106383,
        0.824468085106383,
        0.824468085106383,
        0.824468085106383,
        0.824468085106383,
        0.824468085106383,
        0.824468085106383,
        0.8297872340425532,
        0.8297872340425532,
        0.8297872340425532,
        0.8297872340425532,
        0.8297872340425532,
        0.8351063829787234,
        0.8351063829787234,
        0.8351063829787234,
        0.8351063829787234,
        0.8351063829787234,
        0.8351063829787234,
        0.8351063829787234,
        0.8351063829787234,
        0.8351063829787234,
        0.8404255319148937,
        0.8404255319148937,
        0.8404255319148937,
        0.8404255319148937,
        0.8404255319148937,
        0.8404255319148937,
        0.8404255319148937,
        0.8404255319148937,
        0.8404255319148937,
        0.8404255319148937,
        0.8404255319148937,
        0.8404255319148937,
        0.8404255319148937,
        0.8404255319148937,
        0.8404255319148937,
        0.8404255319148937,
        0.8404255319148937,
        0.8404255319148937,
        0.8404255319148937,
        0.8404255319148937,
        0.8404255319148937,
        0.8404255319148937,
        0.8404255319148937,
        0.8404255319148937,
        0.8404255319148937,
        0.8404255319148937,
        0.8404255319148937,
        0.8404255319148937,
        0.8404255319148937,
        0.8404255319148937,
        0.8404255319148937,
        0.8404255319148937,
        0.8404255319148937,
        0.8404255319148937,
        0.8404255319148937,
        0.8404255319148937,
        0.8404255319148937,
        0.8404255319148937,
        0.8404255319148937,
        0.8404255319148937,
        0.8404255319148937,
        0.8404255319148937,
        0.8404255319148937,
        0.8404255319148937,
        0.8404255319148937,
        0.8404255319148937,
        0.8351063829787234,
        0.8351063829787234,
        0.8351063829787234,
        0.8351063829787234,
        0.8351063829787234,
        0.8351063829787234,
        0.8351063829787234,
        0.8351063829787234,
        0.8351063829787234,
        0.8351063829787234,
        0.8351063829787234,
        0.8351063829787234,
        0.8351063829787234,
        0.8351063829787234,
        0.8351063829787234,
        0.8351063829787234,
        0.8351063829787234,
        0.8351063829787234,
        0.8351063829787234,
        0.8351063829787234
    ],
    "Normalized_Mutual_Info": [
        0.09870507937275586,
        0.09870507937275586,
        0.09870507937275586,
        0.09870507937275586,
        0.09870507937275586,
        0.09870507937275586,
        0.09870507937275586,
        0.09870507937275586,
        0.09870507937275586,
        0.1475539867860813,
        0.1475539867860813,
        0.1475539867860813,
        0.1475539867860813,
        0.1475539867860813,
        0.1475539867860813,
        0.1475539867860813,
        0.1475539867860813,
        0.1475539867860813,
        0.1475539867860813,
        0.1475539867860813,
        0.13784960147580697,
        0.13784960147580697,
        0.13784960147580697,
        0.13784960147580697,
        0.13784960147580697,
        0.128310645227208,
        0.128310645227208,
        0.128310645227208,
        0.128310645227208,
        0.128310645227208,
        0.128310645227208,
        0.128310645227208,
        0.128310645227208,
        0.128310645227208,
        0.11893831044436512,
        0.11893831044436512,
        0.11893831044436512,
        0.11893831044436512,
        0.11893831044436512,
        0.11893831044436512,
        0.11893831044436512,
        0.11893831044436512,
        0.11893831044436512,
        0.11893831044436512,
        0.11893831044436512,
        0.11893831044436512,
        0.11893831044436512,
        0.11893831044436512,
        0.11893831044436512,
        0.11893831044436512,
        0.11893831044436512,
        0.11893831044436512,
        0.11893831044436512,
        0.11893831044436512,
        0.11893831044436512,
        0.11893831044436512,
        0.11893831044436512,
        0.11893831044436512,
        0.11893831044436512,
        0.11893831044436512,
        0.11893831044436512,
        0.11893831044436512,
        0.11893831044436512,
        0.11893831044436512,
        0.11893831044436512,
        0.11893831044436512,
        0.11893831044436512,
        0.11893831044436512,
        0.11893831044436512,
        0.11893831044436512,
        0.11893831044436512,
        0.11893831044436512,
        0.11893831044436512,
        0.11893831044436512,
        0.11893831044436512,
        0.11893831044436512,
        0.11893831044436512,
        0.11893831044436512,
        0.11893831044436512,
        0.11893831044436512,
        0.128310645227208,
        0.128310645227208,
        0.128310645227208,
        0.128310645227208,
        0.128310645227208,
        0.128310645227208,
        0.128310645227208,
        0.128310645227208,
        0.128310645227208,
        0.128310645227208,
        0.128310645227208,
        0.128310645227208,
        0.128310645227208,
        0.128310645227208,
        0.128310645227208,
        0.128310645227208,
        0.128310645227208,
        0.128310645227208,
        0.128310645227208,
        0.128310645227208
    ],
    "Weights": [
        [
            0.33448980710356596,
            0.17641556321484464,
            0.48909462968158945
        ],
        [
            0.3358122859834332,
            0.17659189841567277,
            0.487595815600894
        ],
        [
            0.33713368584694176,
            0.1767680347639955,
            0.4860982793890628
        ],
        [
            0.3384537565283107,
            0.17694394075614167,
            0.48460230271554766
        ],
        [
            0.33977225304205527,
            0.1771195822549134,
            0.48310816470303125
        ],
        [
            0.3410889328261662,
            0.17729492783805775,
            0.48161613933577596
        ],
        [
            0.34240355688627055,
            0.17746994565105206,
            0.4801264974626773
        ],
        [
            0.34371589212536624,
            0.1776446059735935,
            0.4786395019010403
        ],
        [
            0.34502571105997226,
            0.17781887726799836,
            0.47715541167202935
        ],
        [
            0.3463327893994884,
            0.17799273037778737,
            0.4756744802227243
        ],
        [
            0.3476369113229521,
            0.178166136034081,
            0.47419695264296696
        ],
        [
            0.34893786539420196,
            0.17833906689470752,
            0.47272306771109057
        ],
        [
            0.35023544867793227,
            0.17851149610200018,
            0.47125305522006766
        ],
        [
            0.3515294634694991,
            0.17868339863212504,
            0.4697871378983759
        ],
        [
            0.3528197208758904,
            0.17885474950023797,
            0.4683255296238716
        ],
        [
            0.35410603895572906,
            0.179025524706059,
            0.466868436338212
        ],
        [
            0.35538824281023873,
            0.17919570201229534,
            0.46541605517746604
        ],
        [
            0.35666616653614774,
            0.17936525963039365,
            0.46396857383345863
        ],
        [
            0.35793964980282006,
            0.17953417767375482,
            0.4625261725234252
        ],
        [
            0.3592085436811951,
            0.17970243410679063,
            0.4610890222120142
        ],
        [
            0.36047270531566694,
            0.17987001233475974,
            0.4596572823495733
        ],
        [
            0.3617320002707085,
            0.18003689482632837,
            0.45823110490296315
        ],
        [
            0.36298630068332516,
            0.18020306578368864,
            0.45681063353298623
        ],
        [
            0.36423548829724656,
            0.18036850963664489,
            0.4553960020661086
        ],
        [
            0.36547945175677937,
            0.18053321186992846,
            0.45398733637329225
        ],
        [
            0.3667180898716999,
            0.1806971601484386,
            0.4525847499798615
        ],
        [
            0.36795130515330576,
            0.1808603434559628,
            0.4511883513907314
        ],
        [
            0.3691790112115909,
            0.18102274817836736,
            0.4497982406100417
        ],
        [
            0.3704011261187474,
            0.18118436537750304,
            0.4484145085037496
        ],
        [
            0.3716175757575887,
            0.18134518600376803,
            0.4470372382386433
        ],
        [
            0.3728282937852062,
            0.18150520278688964,
            0.4456665034279041
        ],
        [
            0.3740332209915609,
            0.18166440732007635,
            0.4443023716883627
        ],
        [
            0.3752323013133865,
            0.18182279461232712,
            0.4429449040742865
        ],
        [
            0.3764254890068316,
            0.1819803590936234,
            0.441594151899545
        ],
        [
            0.3776127438927547,
            0.1821370948148496,
            0.44025016129239564
        ],
        [
            0.3787940305187122,
            0.18229299736186025,
            0.4389129721194276
        ],
        [
            0.3799693183753984,
            0.18244806327561838,
            0.4375826183489833
        ],
        [
            0.3811385821326266,
            0.18260229055172408,
            0.43625912731564936
        ],
        [
            0.38230180252170703,
            0.18275567703179416,
            0.4349425204464987
        ],
        [
            0.3834589649351996,
            0.18290822323272432,
            0.4336328118320761
        ],
        [
            0.3846100600213239,
            0.1830599248394815,
            0.43233001513919456
        ],
        [
            0.38575508044777307,
            0.18321078498965687,
            0.43103413456256995
        ],
        [
            0.38689402417725605,
            0.1833608030123341,
            0.42974517281040997
        ],
        [
            0.3880268951067512,
            0.18350998047472544,
            0.4284631244185234
        ],
        [
            0.38915369837037717,
            0.18365831757524712,
            0.42718798405437575
        ],
        [
            0.3902744432689217,
            0.18380581734498883,
            0.4259197393860895
        ],
        [
            0.3913891422859871,
            0.18395248178412632,
            0.4246583759298866
        ],
        [
            0.3924978116268972,
            0.18409831368081633,
            0.4234038746922865
        ],
        [
            0.39360046935554754,
            0.18424331692856585,
            0.4221562137158865
        ],
        [
            0.3946971360483852,
            0.18438749364942883,
            0.420915370302186
        ],
        [
            0.3957878353466741,
            0.18453084802351497,
            0.4196813166298109
        ],
        [
            0.39687259486483784,
            0.18467338514882697,
            0.4184540199863352
        ],
        [
            0.39795144223815593,
            0.18481510791643488,
            0.4172334498454092
        ],
        [
            0.39902440718393994,
            0.18495602116968549,
            0.41601957164637443
        ],
        [
            0.4000915224366356,
            0.18509612903746706,
            0.4148123485258975
        ],
        [
            0.4011528214810286,
            0.1852354377698226,
            0.41361174074914886
        ],
        [
            0.4022083398745823,
            0.1853739519083051,
            0.4124177082171126
        ],
        [
            0.4032581128925403,
            0.18551167701024635,
            0.4112302100972133
        ],
        [
            0.40430217979368055,
            0.185648619368365,
            0.4100492008379545
        ],
        [
            0.4053405800360636,
            0.1857847841859364,
            0.40887463577800004
        ],
        [
            0.4063733540553406,
            0.18592017799205104,
            0.40770646795260834
        ],
        [
            0.4074005420785819,
            0.18605480579944547,
            0.40654465212197255
        ],
        [
            0.40842218577933276,
            0.18618867639811515,
            0.40538913782255215
        ],
        [
            0.40943833007362146,
            0.18632179211384595,
            0.4042398778125325
        ],
        [
            0.4104490166288846,
            0.1864541616199326,
            0.4030968217511828
        ],
        [
            0.411454290146593,
            0.18658579036724277,
            0.4019599194861642
        ],
        [
            0.4124541973829226,
            0.18671668417319875,
            0.4008291184438786
        ],
        [
            0.4134487817730131,
            0.18684684986546,
            0.3997043683615269
        ],
        [
            0.4144380890522887,
            0.1869762935847003,
            0.398585617363011
        ],
        [
            0.4154221655562747,
            0.1871050219321299,
            0.3974728125115955
        ],
        [
            0.41640105522725734,
            0.18723304258438855,
            0.39636590218835394
        ],
        [
            0.41737480551760064,
            0.187360361333216,
            0.39526483314918326
        ],
        [
            0.4183434627676167,
            0.1874869855635379,
            0.39416955166884543
        ],
        [
            0.41930707386737315,
            0.18761292155811782,
            0.393080004574509
        ],
        [
            0.4202656857529276,
            0.18773817605779186,
            0.39199613818928053
        ],
        [
            0.42121934508496484,
            0.18786275441316072,
            0.39091790050187436
        ],
        [
            0.4221680977691193,
            0.187986664864172,
            0.3898452373667087
        ],
        [
            0.4231119907369572,
            0.1881099127167326,
            0.3887780965463102
        ],
        [
            0.42405107062395314,
            0.18823250521016724,
            0.38771642416587954
        ],
        [
            0.42498538204565717,
            0.18835444843386517,
            0.3866601695204777
        ],
        [
            0.4259149730690943,
            0.18847574818360735,
            0.38560927874729833
        ],
        [
            0.4268398878463117,
            0.1885964126025827,
            0.38456369955110564
        ],
        [
            0.42776017346219114,
            0.18871644617202551,
            0.3835233803657834
        ],
        [
            0.4286758735306276,
            0.18883585691148108,
            0.38248826955789145
        ],
        [
            0.4295870347652462,
            0.18895465061664454,
            0.38145831461810936
        ],
        [
            0.43049370029482487,
            0.18907283315046114,
            0.3804334665547141
        ],
        [
            0.43139591733940647,
            0.1891904101787779,
            0.37941367248181557
        ],
        [
            0.43229372829991586,
            0.18930738893595334,
            0.3783988827641308
        ],
        [
            0.43318717607108426,
            0.18942377656124434,
            0.3773890473676714
        ],
        [
            0.4340763062983917,
            0.1895395770100331,
            0.376384116691575
        ],
        [
            0.43496116067930385,
            0.1896547970968988,
            0.37538404222379723
        ],
        [
            0.4358417819758427,
            0.18976944280634642,
            0.37438877521781083
        ],
        [
            0.4367182130116,
            0.18988352108966286,
            0.3733982658987371
        ],
        [
            0.4375904969761438,
            0.1899970349483188,
            0.37241246807553746
        ],
        [
            0.4384586738847525,
            0.19010999103132759,
            0.37143133508391996
        ],
        [
            0.4393227829091037,
            0.19022239669093902,
            0.3704548203999572
        ],
        [
            0.440182867205801,
            0.19033425715133276,
            0.36948287564286636
        ],
        [
            0.44103896815922455,
            0.1904455761316246,
            0.3685154557091509
        ],
        [
            0.4418911226791321,
            0.19055636114070162,
            0.3675525161801662
        ],
        [
            0.4427393712063965,
            0.19066661708045374,
            0.36659401171314976
        ]
    ],
    "Loss": [
        -6.178849086812431,
        -6.178665534512791,
        -6.178482111516963,
        -6.178298838529808,
        -6.1781157500050945,
        -6.177932879939407,
        -6.177750261811013,
        -6.177567928677413,
        -6.177385912677208,
        -6.177204245373326,
        -6.177022957737976,
        -6.176842079668874,
        -6.176661640355409,
        -6.176481667862206,
        -6.176302189444237,
        -6.176123231226408,
        -6.175944818368947,
        -6.175766974995261,
        -6.175589724043184,
        -6.17541308759161,
        -6.175237086426444,
        -6.175061740135464,
        -6.174887067301994,
        -6.1747130855347905,
        -6.174539811195203,
        -6.174367259680335,
        -6.17419544491626,
        -6.174024380254927,
        -6.173854077828098,
        -6.17368454883482,
        -6.17351580348293,
        -6.173347850846745,
        -6.173180699175712,
        -6.173014356052849,
        -6.172848827783364,
        -6.1726841199897775,
        -6.172520237570822,
        -6.17235718471853,
        -6.172194964848982,
        -6.1720335806137,
        -6.171873033859695,
        -6.171713326135979,
        -6.171554458155236,
        -6.171396430247368,
        -6.171239241807552,
        -6.171082892179937,
        -6.170927379954698,
        -6.170772703394452,
        -6.170618860223603,
        -6.170465847843045,
        -6.170313663469499,
        -6.170162303766933,
        -6.1700117648182085,
        -6.169862042875876,
        -6.169713133774008,
        -6.169565033015024,
        -6.1694177358407805,
        -6.169271237359983,
        -6.169125532639302,
        -6.168980616176506,
        -6.168836482528817,
        -6.168693126025106,
        -6.168550541139238,
        -6.168408721865846,
        -6.168267662284982,
        -6.168127356401564,
        -6.167987798080768,
        -6.167848980895021,
        -6.167710898765594,
        -6.167573545371225,
        -6.16743691427764,
        -6.167300999274911,
        -6.167165793847862,
        -6.167031291500489,
        -6.1668974857515595,
        -6.166764370078163,
        -6.166631938100691,
        -6.166500183311951,
        -6.166369099300513,
        -6.1662386795425315,
        -6.166108917863314,
        -6.165979807666373,
        -6.165851342676459,
        -6.165723516525078,
        -6.165596323015249,
        -6.165469755723401,
        -6.165343808681991,
        -6.165218475411563,
        -6.1650937499309375,
        -6.164969626202368,
        -6.164846098080951,
        -6.164723159707581,
        -6.164600805150161,
        -6.1644790283930595,
        -6.164357823680176,
        -6.1642371853802995,
        -6.164117107915814,
        -6.163997585360709,
        -6.163878612133873,
        -6.163760182935633
    ],
    "Check_Prop": {
        "isSymmetry": true,
        "isTriangIneq": false,
        "isPSD": true
    }
}